0.021025936227106269832	0.0012197637536727323065	0.0046339630632195368681	3.4536864654324894253e-05
0.0014149013546491118198	0.021700792915663610905	0.0066049218432897398301	4.1573394321152177069e-05
0.0058483712043262275904	0.0057028715814687117036	0.035604644162847191857	7.6158550914817751054e-05
0.074988451266737282674	0.0092136660730636477101	0.0096266089097338802816	0.0002370213947980797731
0.031964839840234987589	0.04369514426673207913	0.0054321013945684750585	0.00021417050930950051616
0.04044712803350403868	0.0084991654865006344144	0.048285411839630497377	0.00036867377129645750086
0.024477086779294457419	0.02321506510397760778	0.017860365707486020731	0.00019488142581749101547
0.0047503292194885499145	0.081956452624240019866	0.010776213166889817702	0.00017040558000288699215
0.0080565654973532435656	0.043246173096148615711	0.050154944871706297338	0.00039151189731153398111
0.0077477815671635752448	0.0086574239505657901717	0.098498189404627969901	0.00021301257210006480395
0.16025181310558442305	0.0095192624703834410882	0.0085340528578582673658	0.00031616583764504157866
0.096314867240974599838	0.045822297642428920506	0.0093576412400745486581	0.00054698083643000259581
0.11285572687332044717	0.0053837038139403561865	0.046799363602471812096	0.0004235749144208337787
0.077572188006858763809	0.038969826309905246375	0.049806410260108700816	0.0011174786233641637642
0.10219138299754514099	0.012543976893373512405	0.10427774907920375758	0.00082276606157599772168
0.071921813331878317599	0.10574680983626813524	0.0074387441807670495048	0.00055621310030215813554
0.025271668229778859738	0.12033350794576895548	0.0067865074968995924357	0.00031081291046059753057
0.037733120548900447866	0.076936588805609371078	0.037088848770079174688	0.00091213748684658836445
0.032188900774129336479	0.032330093932064957185	0.10379799372381739997	0.00092882762935620030893
0.047749693136483528644	0.0024683468345352982398	0.12326909132998313534	0.00031043664094293970746
0.0065027586603410847399	0.18619981878410696297	0.010915141522643622557	0.00030497316444377803443
0.019558149442284150643	0.090686502156139964237	0.10272623683031334441	0.00096502520012107877688
0.0065486030850276100157	0.12214881878379862945	0.051470911994846185733	0.00054800939503876181132
0.0012133744303571836198	0.051972368161969928479	0.12819681106416253025	0.00028982648505797211367
0.0097550948715811047762	0.010337223154841590489	0.18758947328769945417	0.00038773689412976872172
0.26910512035991934754	0.0078256376179826944023	0.0088114867955130880134	0.00031650709319837490438
0.16831263157523781993	0.034573223271697116343	0.037263133726173604254	0.0012533234658617319838
0.21549759556502889879	0.0057981196071415358473	0.044581548961894451599	0.00049671720522396166624
0.18881287009718653036	0.05107791179984504798	0.0034340234627770489101	0.00042223878579706713684
0.14035113893834461063	0.090630363499883653811	0.021046588222991109707	0.0010162848558049422144
0.13891183867049694545	0.060081759823232092077	0.087558331945069470259	0.0022143702956823755126
0.18664378445955664976	0.011000650240237289101	0.10201611348842931637	0.0011239948997564435176
0.15937636017716877435	0.13065656863608907101	0.0028616893632738412898	0.00050112384855570543066
0.12990159288166233664	0.004567574949091601777	0.17101870822138445782	0.00054821853556684277484
0.089374626022012515492	0.18573853198900625028	0.010408832718618811833	0.00097002284528908684462
0.094717102569848526938	0.11721172054250228456	0.049374826846611520603	0.0018860984248564032113
0.061627856175077266876	0.093155534633840048064	0.10162477390871224592	0.0017840574164845230017
0.080528650185712091769	0.038869022086276738825	0.14495179908080224607	0.0015802905525189635608
0.053603864617459195951	0.0090977853819323439843	0.2145629444134198871	0.00082174576847973397706
0.037958322133787025798	0.22522676283041442868	0.0031516580548702284766	0.00037246979169462907187
0.038335307357320852484	0.16839944342522597531	0.036306923846946698164	0.0013472442210330710152
0.036699021107512830309	0.17934878341188281725	0.095306927897500545721	0.0018512891239254628765
0.045626300719243839676	0.10428525619449122153	0.18546862686544210441	0.0021051152337959728837
0.026640324542659965523	0.041888460646047454006	0.1949093502667584854	0.0010975656166147013549
0.0066561371044031591993	0.22930594431528911192	0.054909828954148871827	0.00072313909675868323548
0.0054813340834282686664	0.30821747165495821941	0.0080574677116233370949	0.00025257176946629541353
0.0062620389020034417094	0.15079473167404627842	0.12396865351461777705	0.00073166232774635837563
0.0093103206131419646852	0.082063539447657068981	0.19760922343725059735	0.00073817949500663935115
0.00037949897667327592288	0.03401641781229591821	0.26854054648860065102	0.00026168831125965243047
0.012720920894759568665	0.0025854840071586893124	0.29646359802249405702	0.00023558421089845776831
0.39127843851734916969	0.0069729936577771021305	0.01043041950301686234	0.00037143878293651339537
0.2783510971325515726	0.037106151519566518693	0.01014258522436809612	0.00052740327479268152115
0.27309992322905585205	0.043939027155343708675	0.032370352037775475262	0.0010596401120412360288
0.31939409209299918224	0.0093053599969265543557	0.052069378585811912363	0.00095621062700476872412
0.27357463715302710039	0.10056737557348958967	0.0073598156969162482552	0.00098264130195039158314
0.21211197448171897895	0.10222102962427052908	0.034750216427861371771	0.00197255834623834541
0.24991249884703153894	0.045769422623878425194	0.083251039767692130988	0.0024222778131001059324
0.28166874536452990441	0.0076831112993270278544	0.12639885691406971269	0.0011395410183490158745
0.14509849666917432054	0.1902389471492580697	0.035185274690335666126	0.0021799228304830694028
0.18019667331612823635	0.12323157493945684215	0.087882328679365226409	0.003322480303607227084
0.17346812146641069075	0.044247918738114455639	0.16280064445320599487	0.00288833076692993811
0.20836362413345799194	0.0083303954828020665424	0.19919944497143721174	0.00098324329617912979706
0.20206419661342972516	0.19284840289032575966	0.0089516314023425878899	0.0011889415939480960007
0.072265645770967334993	0.26066946172667826431	0.035899329103605520652	0.0019573251292771469238
0.11172009762921364384	0.11382933409785214729	0.15529663693587572593	0.0036291862875359728532
0.091214211358251806594	0.050072940763600914948	0.23125612175265164439	0.0024783623174852711588
0.11947997914488034388	0.012569344186718678369	0.23341519076775141261	0.00099278178688653019937
0.12041171060993310915	0.27860269273744070473	0.0043175616822142201534	0.00085576470320237671419
0.09692916067200152419	0.18913512595755346823	0.089162708030797760417	0.0031427467084473052414
0.06267658749652765815	0.007245420665212443101	0.32314674677306842732	0.00077882237789391427218
0.023937670339381211804	0.28236007615961544737	0.024806984546561466898	0.0007698941660913873053
0.047737691179617403048	0.34381914644547412196	0.0064746275051411729742	0.00069429421090170400938
0.0066619037151147697529	0.36072900864271234544	0.049297839377889764167	0.00077614241574633737776
0.037510992699684109208	0.29302526305514953187	0.080238026633459844095	0.002181307245513046042
0.044702424830477094364	0.19227340467531661705	0.17034932859380774728	0.0026920592214102270767
0.030174973703934293567	0.034264553377294226788	0.30434479273806652744	0.0014023221855178765686
0.0086381901957158224725	0.017258508237442959921	0.35917754014714126098	0.00030203566528629385976
0.011142622395251988721	0.4317466737162003465	0.0078844217117812181311	0.0004313241828765490473
0.0078948017554597016421	0.25484663977771376819	0.12436378043825961626	0.0010975289886119138621
0.0091943889339070050681	0.15391841577626078075	0.20518862119466582672	0.0010579022441233585684
0.045270154749615987289	0.089616859426665695931	0.280699093099684438	0.0018255322174927819667
0.0079350575077178353567	0.091292259746296289258	0.30088190501528822018	0.00098353892861599611155
0.51862996934306015984	0.011491787979933918568	0.0082789433023033563719	0.0004848774849301400831
0.44706185021685079795	0.006665838125656062263	0.047307527790740232232	0.00066523179446190095713
0.38077358733217286924	0.04096474704704174824	0.00014614881673072024253	0.00028039630324420050569
0.39560364061388142431	0.041283549391751245272	0.027230375570866018758	0.001538724221355925988
0.37570579621004907001	0.10209729599308892123	0.010293672516879563694	0.0010562039367861778428
0.32900473474429414722	0.099184834554151557473	0.047780584523379958373	0.0027809435088467426497
0.37665236664869744532	0.039020602078847721472	0.086707372639589552765	0.0024098415210289611012
0.39866088352566164676	0.0072201391939280684662	0.11017613785710167473	0.00092931844281138905987
0.30350711677906361263	0.18724312021845654352	0.0078947438564769805563	0.0012532456297202419337
0.29155391130763319563	0.039825732506880012762	0.16729499665283970034	0.0032238602899996651741
0.3692801132925397356	0.0082420133741684109552	0.19601643247956343497	0.0014790007071544702434
0.25636717927893259983	0.18004166292859022369	0.042684259729968698771	0.003026004124939332858
0.29401615056172292206	0.17076326035618322186	0.10513709726145518963	0.0042467513577256971527
0.26866538034817821767	0.098539147343584390648	0.11122271958616460064	0.0031935035933372264531
0.26008705316046998313	0.0056605840438876675602	0.24930010401265892406	0.00094223829530129944547
0.21560146649002692731	0.29953425649180809298	0.0086683828119019194769	0.0016230707059410711193
0.15767794315818667306	0.29010475018648118617	0.039305200539152811146	0.0028559922755513754596
0.2002288188263477986	0.099737641956760075823	0.186767938254009086	0.0040454958696374493723
0.16597498276240135739	0.055726673295011963649	0.27928042045417900141	0.0025432079470920814293
0.20057637298718433705	0.030295796440906019864	0.2607307461479135835	0.0016407541643539379217
0.093907210182743117155	0.36932028980328601708	0.019455038292486615675	0.0013348831397623362859
0.18628312080466641332	0.22118569675420921006	0.089230397406242584202	0.0037265993675404014696
0.18407845898224928227	0.18160678593220475063	0.15504347501557119715	0.0037029621140573175907
0.091906023757430121979	0.35019081126323470254	0.066939843397996134922	0.0026154308111126125906
0.10094306429592975194	0.27297326445678238294	0.11414707122591613575	0.0032394438565665848589
0.10573298934787955794	0.19746698350367786201	0.18938950528337211709	0.0040619881370709967974
0.11194358576095941871	0.11159117001625745713	0.26926509563340289555	0.0042357096452215678428
0.089620836538176984476	0.038768355768966589192	0.3501731483385983057	0.0024360834542550627302
0.14065717145768474872	0.0074025646103264008957	0.3196638671839379664	0.0011762077738963221032
0.036726438364902969091	0.41275938456196514803	0.037266452785617083798	0.0016527418473685977045
0.048538162492585190666	0.16658155523202994308	0.2733400115284548848	0.0030343885515886678123
0.0017315090743071914758	0.48851704908252024939	0.026500279339112597227	0.00018854542795457708126
0.037768541618654505321	0.41857186406331420292	0.099439121086715084874	0.002376220527261076014
0.042998153353792811782	0.30022284604923699103	0.16144229911285182255	0.0030862241193409826676
0.043224530973303698644	0.26793020014024526709	0.26776006439809985071	0.0035484674145163730766
0.0097447318135277516404	0.17338764984594540186	0.29613558405281498187	0.0012193740702860426765
0.039903610885454188217	0.090328445863382733627	0.37576320454504935631	0.0020439164153403435037
0.041474273602741418276	0.031912091397624686717	0.44536842379460872543	0.0015659745991096923369
0.042166716841115226	0.0045466609908242916482	0.42760439806766287196	0.0004689852730235154676
0.0072462350717462098437	0.37186129988492583331	0.11812759087373879419	0.0011418603855361977688
0.0087102646734436017795	0.2518187865999203523	0.2143933799360504544	0.0013907921898236861365
0.007698123675619283901	0.1374266671082668978	0.40219284574029212642	0.0012048470240968436537
0.007773986221440820632	0.055220500108160597286	0.41421125892443388938	0.0008979294783944119767
0.0077915790441047128034	0.0087296978922372092669	0.44520860420760327569	0.00032898062727380146184
0.64514933669023011298	0.0018275745977534493814	0.0098677560303189592456	0.00018220874574947275521
0.56046129809323086413	0.0044752670383449086322	0.047721742406125755576	0.00045405885194060272188
0.52149051239628663179	0.032899645792636676711	0.04228031842337314633	0.0015234195504411484224
0.50009964705895593173	0.059537096682159215688	0.0071358661216328915164	0.00088059034926974691024
0.3955551253308735582	0.093913069641862967352	0.10256077987680686792	0.003499532449118786942
0.48580862674862546058	0.038767130849976086382	0.097063460364726530938	0.0017194295780611911113
0.47005196369789248312	0.092957325401040263868	0.042179705316152386885	0.0026907618062832240613
0.50945670872362480708	0.0080274265126346333599	0.11672426910483135742	0.0011479499602236949325
0.43583051144129225651	0.14539502218055430638	0.0074763190517664855628	0.0011365814744022908946
0.38006995364981066565	0.1777522744361477447	0.041620872206020814721	0.0033286522409025033273
0.40005209826056670197	0.17691927847375604754	0.099190170237589123103	0.0038466655526294478255
0.32316122853808992854	0.094851103457651075868	0.1852377293240974887	0.0042588011342053182923
0.41802125083865904198	0.040906999981472097483	0.17476622051949050607	0.0031782275208049751494
0.34452319564362349213	0.26079778318244445368	0.0085533285564070252877	0.0015785417853617618802
0.2793826530680391107	0.26687553015849568849	0.10828247322385102513	0.0047193118239077505235
0.28868975434927174328	0.038225478039640103933	0.27539658887427043155	0.0032754837309932009065
0.3444701388714253576	0.0075460585275781699721	0.30963872149127485978	0.0014852283113480290681
0.31003750744548563834	0.36177804322840018125	0.0073064287232263193383	0.00087793866741127813552
0.27082632267842593476	0.28071967523878149642	0.044739412163225120156	0.0038687326054336404479
0.1759445837628025866	0.32831950494375627958	0.10389297916368053776	0.0046586427179724724384
0.26335184536757760831	0.17362882964011888687	0.192022587847328563	0.0042887062360132399697
0.23868946503154586658	0.092703561155480729283	0.26962368281984661067	0.0033904921210172831586
0.22001670104114245952	0.0079948374674225219927	0.36494207353647484249	0.0015074498812443770657
0.22755454290556303976	0.40667208923029540824	0.008623292326697966706	0.0013278586564532777071
0.17969036676567951005	0.40066285403374257701	0.043485721291279033629	0.0034967708292556499983
0.18498405540623569232	0.26038153869120300721	0.18289019994811694936	0.004502150136061716483
0.17920329721740319018	0.16198625387094894856	0.26396559347384174199	0.0044842922837013392962
0.1663988327580581128	0.038856628720072838856	0.39137358383280568264	0.0028203706620782446543
0.18276245744902031021	0.0077677132727537179235	0.49184500660523833293	0.0012891136162181411184
0.13240035050354254098	0.41878872971084812882	0.0067724528941844113969	0.0011447612586375668746
0.093847516575420897311	0.47786305444281007571	0.041124307210719246441	0.0026693083837192174354
0.093552117926010258664	0.42465352363642083766	0.10730973587400469138	0.0034350492080948407531
0.10216324024073208943	0.32446583248750693329	0.18109805752058291684	0.0046040096361458435203
0.18137543412243506413	0.096453219257036648671	0.36125050137789727067	0.0039588190029958177096
0.10763415449468982654	0.007559391696883299705	0.44774984912884246979	0.0012425449454803393599
0.054118985356097271122	0.48035124695519521021	0.0049559912345708383163	0.00068156486538688255093
0.04126249539191262361	0.41237791054585182238	0.18355569628232404344	0.0029894570473460255894
0.10617287487369120313	0.23248781631929005265	0.26821861855382689299	0.0040667264736067966838
0.10188596426413509821	0.16267435402555197044	0.35147723215663839724	0.0034604859713941449328
0.094685716295815514076	0.089130795544417329435	0.40274022321252267442	0.003426102169570249649
0.097551179564810741596	0.036823779174543325166	0.49924439646472856813	0.002266310925803777937
0.04438836269853774219	0.0069985730541947122063	0.55558311472990140611	0.00069397895623934024913
0.035050294302264695112	0.53790920063579561461	0.032798891628239575102	0.0012532553074130153934
0.041710622831075183647	0.17565542165357139748	0.38857238106559266466	0.003224937265698767444
0.035841306958075747069	0.090540121136254203549	0.49030468647078484512	0.0020461230724528071609
0.042549362128554091278	0.041746011289606976824	0.56726626897830312313	0.0014148961881672290995
0.0087143593092777749121	0.0068652103968781519328	0.57105887144637601516	0.00028964994722364235469
0.011082660120110721103	0.57133895966361558649	0.0081690022866092379394	0.00045209196417125493972
0.0080976111601118727634	0.50114405769245795597	0.063413830586776326337	0.00092903625695187671413
0.0076181227010021501656	0.48787130606337902883	0.13853714787179005619	0.0011910532057737676769
0.0082624505694398608924	0.36103000630046178099	0.21607761513627410377	0.0016016910146340493197
0.0077214688905299366795	0.25679147788795453344	0.33769060113755489105	0.0016682357223618718249
0.0060635325465893119556	0.093158764495013812734	0.51880702051890259519	0.00078179473207587056247
0.0082117326245320088063	0.035699883615545213722	0.54224599638705472948	0.00065188133905494903553
0.75368426349412354082	0.011165158129566993966	0.0081918022914398841428	0.000386058716717415176
0.65268722237663601149	0.012867273351362742972	0.04959043736666233354	0.0010903163960598494416
0.6325729229746843707	0.03212727259411122388	0.0093592640462006517627	0.00084198977273371817739
0.60916819042408720808	0.065143455651722137478	0.044603048677230743013	0.0022568169301376917249
0.52186096076283949863	0.15497586395577397922	0.044441270673665746183	0.0032434644313219579068
0.57634547783270950738	0.040713693850738266744	0.10578862868745499137	0.0020397182080357676923
0.6187670262845627045	0.0062058336730272251058	0.11764224725779985625	0.0008443332007957260292
0.57408457456203776381	0.10560218134041926552	0.0087895457896470258891	0.0013315350731357296875
0.50395931313956676689	0.099935382006548223455	0.10807578128987138655	0.0037830410106279234624
0.54585609139558477487	0.038086923517386656046	0.18124681648958396174	0.0025935739611058364687
0.48121643974136918409	0.20864159533468384922	0.0087370647275239760737	0.0015786706346362514367
0.48276187990340474476	0.19134255574041386661	0.10897594425211697133	0.0037724263855760014133
0.37319603632476411326	0.15812646369175456518	0.18119817906522964202	0.0046522199601933293331
0.43875014966777653447	0.089081820205479722574	0.19586709084916903434	0.0036143286309109666846
0.48582493015521266422	0.0077510437262952314175	0.21323135378099239423	0.0015581823240309780176
0.40672816786839671721	0.3275080260497721385	0.0085506042582130514784	0.0012399193254410052246
0.40300192934708334302	0.26513242439715090093	0.044554371660579822345	0.0037497601979108942556
0.32435776099300295261	0.092316014338296337183	0.29608818753588156403	0.0045505576337866509781
0.39990342364399000807	0.039029471038290464158	0.27538698424208085669	0.0029141942724017137582
0.29882437078395029939	0.37891360338948437692	0.040036996588117934603	0.0033458873017268358704
0.26720697613197197384	0.3807780892506384407	0.094557500434720831439	0.0045214318334633263677
0.37075358074801118002	0.27152509496064247685	0.10698295079385405915	0.0034998367754061131089
0.28823454949046845019	0.25216535762183511782	0.1925428268622819683	0.0052351321154897401469
0.27657424854479756293	0.16677922860859806242	0.28596727500231527985	0.0048442278964002391875
0.26194510781945629097	0.040481008138108953709	0.39625321582474865023	0.0035028811286157606267
0.29642327134427398638	0.0072923063571286306228	0.43315249629992352842	0.0013954745002150866461
0.24050891720869527202	0.50169601821446019319	0.0081718382725706924241	0.0012751385797402931942
0.19254635298076738792	0.50627781473155897274	0.043757482218759136128	0.0030746755433565943309
0.19631670961726310765	0.37129089719694552407	0.16935374417905099675	0.0049382464390407727894
0.18641327242167038403	0.20535063650700091653	0.32875657632892540949	0.0050759690491116674776
0.24471140610795705239	0.10378800733495452402	0.40295664599963021413	0.0038291383710331019716
0.17440038682297398509	0.018134643374638659274	0.55330105939200380227	0.0010057413258727000184
0.14012310758372370501	0.53545226549535873684	0.0090662110666250659424	0.0014419570253971030448
0.16246487645272011946	0.45146302013789596508	0.102026235364759299	0.0036695565506684362303
0.10621802415522962892	0.41086973499058598858	0.20935142503113635115	0.0049649378325301290332
0.18262807353760646123	0.28830008561759157271	0.24884326105788220906	0.0043421022534847926455
0.15862991653076363718	0.13667601979361831965	0.4325701008721380969	0.0036390872461346474367
0.16813253443167486267	0.054853002776001913432	0.50358299665474004492	0.0033337757283285196497
0.098371667882546254269	0.005986020012782256039	0.59591451404698436711	0.00090603519420838561464
0.067462431692857482979	0.58365346039694920854	0.0088779108220827691877	0.00086692330798065239499
0.10276634278211560503	0.58394977816579174412	0.05090170443720578447	0.0029700346973741331355
0.098564674803425234018	0.51525576818579232885	0.12399135360449137222	0.0029999081082554713423
0.10067478406035845762	0.30039460989641464383	0.31452866781429711374	0.0049070394415188494514
0.093474523510991058828	0.20187417186762318666	0.42320709930130678833	0.004199297275492686228
0.094473641669285846056	0.10066507253359147089	0.51460334877958857636	0.0036258480649925257759
0.090026039659219181388	0.036055309738233232153	0.62659005381107424348	0.0019350156171036099646
0.0061155182066507940419	0.69337630688216400632	0.0094510723508918325492	0.00025062296569841466731
0.03886950329576255303	0.65957850126253902978	0.034634782784005738177	0.0014435445608654232791
0.042251109725080171486	0.54827433155904525819	0.087160886009631802218	0.0025278816408465000498
0.042164186230428502	0.51978030538353348078	0.17232937827951444465	0.002703433289044915918
0.045593608055933154688	0.3630382998849340237	0.27912389417637578637	0.0028888137677677955782
0.038271006755833614221	0.27376814515951913842	0.39234070698789941245	0.0033998334742620615889
0.042246556267354851144	0.15086628015431280403	0.52199853578135890775	0.0027802310781368734689
0.0086219983404798306026	0.10968388246751126225	0.61221420398894765835	0.0011604616493560049491
0.040441106662587378295	0.071509924587463635781	0.63403302622737678362	0.001683392102877612163
0.034920562101321217519	0.011180758682568292528	0.67713291152330790101	0.00079251856729003816379
0.006514679776778109499	0.63334366313500523038	0.044340668988062964528	0.00065761416866123812916
0.0087190223465198890551	0.60753360956176938323	0.10791397339038989733	0.0010768862505786832261
0.007924746775978541713	0.49613544634102979547	0.2213524614585214989	0.0014356778255685100423
0.008931915377011545587	0.37943976231159320944	0.31164610068995074466	0.0016530882657714573991
0.0060984263993238974066	0.30482994501466931236	0.43754723481492097115	0.0012349525256806085163
0.0082974414448117039811	0.19322377915385685609	0.47918674015408430078	0.0015809358050621349044
0.0084913174527120327539	0.040729958116164532989	0.65726540307243630501	0.00072277168252875485018
0.0057136270595772309377	0.0061271484254437069694	0.69616571020707529449	0.00019714327774366730483
0.76588411243644571869	0.00098099112124147569425	0.041484780240014527963	0.00027791705942893966345
0.81897034807002833112	0.029651215205477945286	0.0070461473595371691345	0.00035602053550456009808
0.73509212378292276835	0.035727702622567483748	0.038265878127189303926	0.0013693027409390854526
0.70966477271562744544	0.06790533500545681278	0.0068294173644552671337	0.00082032823866569413822
0.66796871873813801201	0.11531042659133641792	0.029884952045366453	0.0015689476887387108182
0.62172744143138114481	0.11571437372643279817	0.074168779433091011621	0.0026470579084984856115
0.66929187111928545306	0.052049596349461949019	0.10307458886349184224	0.0023871668805639967466
0.71456088261190964239	0.012559407674262668131	0.099900168682362303074	0.0010820510240320006714
0.62299405540258723235	0.16952949426392019405	0.0073778411592429248358	0.0012746583989286216013
0.55994694415966805856	0.20163543374241077455	0.092475012919955246193	0.002717390942903742581
0.55364860895521461615	0.11053745996263233953	0.15751654792518696158	0.0042351239273923004663
0.63277771648581970787	0.05150920012632798084	0.18989773920562472154	0.0028809362805054519394
0.61740574063663755666	0.0081338960724542108682	0.19470118401842723133	0.0012145987216352917802
0.53925449612650178111	0.23342912334805035468	0.039531923169865014478	0.0030417071620477318349
0.44178242308087506407	0.11556932614721643349	0.25314444811970404636	0.0040177162227783254703
0.50486848251101612561	0.049152053346430579772	0.25776566245664872534	0.0023234177048057813759
0.52835306968784767623	0.0095041698307024580217	0.29558615434658086496	0.0013012890667426762342
0.51565717675808242504	0.28495258264272899096	0.0070431634235886024162	0.0011274181736891024201
0.42519476302140502	0.35924765221647764202	0.037601932133313038797	0.002981750506888127851
0.41922007007047851213	0.31317483057698713989	0.088284811525024028955	0.0033056370306292675101
0.41989775861034539517	0.20761793575348352903	0.18944217908311844489	0.0052878655212718426309
0.4880616708078210908	0.04768153521097445724	0.32333324794725482043	0.0019015921476555710558
0.43437321428993830308	0.0075158240364010531209	0.32967522918864616832	0.0011265573796536915499
0.35453749025861563959	0.43632260575497361366	0.006837387984948228338	0.0011340002446744716809
0.30324311083898936037	0.47867235209372471783	0.03762219522651711473	0.0028069014981682667217
0.32462049206365062304	0.42701813130530535956	0.093949311691256365275	0.0041407033174246628618
0.31933093132990197915	0.32679853082017351618	0.16854349223192122142	0.0048364777180535927642
0.34514521386164692673	0.18139442657592541597	0.29200273321838826623	0.0041940676022553507324
0.36974734232032763215	0.093419436305266945197	0.3625109775695576908	0.0040974526827479047786
0.38251326762053483588	0.038143562701397515369	0.36765062791311353685	0.0025091964913275450512
0.28877492370877566596	0.55770267034810394602	0.0065058418797460876651	0.00079587571098947468458
0.19120225909153265587	0.60322110012000895729	0.042038307637407477946	0.0022954344225093094994
0.20719785881594210419	0.51670044573938789245	0.10371483243055261425	0.0044897649771984595585
0.22151347674579668912	0.4216103015174211821	0.19112081610140022048	0.0049095407151606360041
0.27013480776345377699	0.27489010844704564462	0.27913595796178725106	0.0058244755882787928314
0.25722321071020115557	0.17872133653993838021	0.3984929993910809598	0.0049873594774853492392
0.26401619794933661733	0.098379112568634796698	0.4692225568315684936	0.0029442825556652233582
0.29033812951015625092	0.041208489905169010115	0.47961347573868751137	0.0028826758694254772664
0.24393707524474983472	0.0086039608935175593274	0.56224401105806531831	0.0013896860738151928932
0.18099735230687452603	0.6231467568722588446	0.0081263476181497838746	0.0011101846358991308318
0.099610528072538562228	0.67154096470582069767	0.01005975758703775598	0.0011778486208510452731
0.13117016234484857318	0.49609717974429368148	0.20097282639340807719	0.0042482837631509151252
0.17219421946513835397	0.34389555979104974304	0.29944491686361079941	0.0053489221752517643674
0.16671876351885195344	0.23536074997038458623	0.41122403095615245316	0.0050757005385777776915
0.16544406475436068682	0.1269354768126550459	0.52771871901477773736	0.0038951875633662837867
0.18839987960757953456	0.051939383410819384146	0.58474627035032844535	0.0027708764212758430108
0.1442303079012520195	0.0075851254087664354842	0.6640270312129366026	0.0010919765297857243324
0.034168807658346622702	0.67613722555881661247	0.0039261876070158614402	0.00035374990443245253255
0.11052706541688661623	0.68329219174583688545	0.049783293325440319821	0.0022370818685696156752
0.11678111204176233606	0.59306882517015790945	0.11760212659137676827	0.0032729154542656393664
0.055627063410808030852	0.56369987123872711265	0.20127420506192761351	0.0028785332144417976122
0.096596363374668259283	0.42337287886272562121	0.30139006052404798686	0.00376269132473442975
0.089802507041638390817	0.31335107315873550471	0.41116622032196153969	0.0043576822199026775395
0.095389304063962843117	0.19444058091605020966	0.52921286290189173407	0.0040178196666249823762
0.099663982512477988784	0.095487726524937532879	0.62309283616165089814	0.0028162044481507548903
0.10178169065973619034	0.042122837184620287587	0.68805288425731536694	0.0013141087351429031789
0.062668510549600986437	0.0070096385656406301479	0.74360753406367441354	0.00073320534393282016904
0.047945999268382499814	0.75043349598163400227	0.030166696786101617617	0.0011436926286333970459
0.046868600974652840918	0.66050860651447917959	0.097949318211068531204	0.0027647900624858503041
0.0097023953222270531427	0.64349100504434453285	0.15737208923663525972	0.0013099651403865803564
0.042601516096166691661	0.4463194949638604192	0.29345401491485861856	0.0031678568928090247714
0.035141636565173994811	0.36402213695183027742	0.41434479713886485097	0.0028085128392588876341
0.038174108703020848132	0.23846343292988814166	0.51854946532278034521	0.0027992860894119025832
0.045246132294673002683	0.13341197478605781868	0.63993377907332005261	0.0023376567717751216974
0.02987263246783866677	0.044940176304624435133	0.74264653360112387048	0.0013902071553181837363
0.011011572180371076435	0.0090360476366965203354	0.80178113882591406369	0.00039158028675683766422
0.0091917976715308880031	0.78849534487443317943	0.012193841326464796571	0.00040376387364034454618
0.0090126156808758572936	0.7372443420787352375	0.059807604814738991872	0.00092457910781755352214
0.010199663559575800065	0.55999745385202359671	0.25695759715639476806	0.0013953204076875334958
0.0069892374459235018236	0.4458027248890039651	0.36415179681225828823	0.0013389388772374946884
0.0077324863525125575592	0.31712062134668106417	0.52056786081697414836	0.0012109762506773459612
0.0078630857863907221983	0.19954512098202059622	0.59403477300457341315	0.0013276351272279631605
0.0090166771031027215244	0.10914649933144426885	0.71881209046823735243	0.0010443026823568385582
0.00023113676157227036612	0.045584491368759416652	0.75879876420603331599	0.00024370889069471202842
0.86904324718865089139	0.0026250664675069000642	0.0089216430089757818578	0.00014264801140903224114
0.85763708781741321285	0.04189630146919249426	0.0108100853956386838	0.00045029436574972093749
0.83097725610475325908	0.015482487970302140357	0.046212593153201114715	0.00086588680272441597395
0.77093578592980904762	0.10391643050248008939	0.0071989664377312204135	0.00080614740535971552565
0.76244140149648609306	0.075439760901433741691	0.044501984984370607235	0.0015853294252921694418
0.67673255519859609741	0.11832360856345093547	0.10676905924177863827	0.0031068842464308517141
0.78428670815656653659	0.0034027018145020015982	0.10883103134600632944	0.00039345345147784934348
0.69599210550328094449	0.19443282523567934073	0.0071110830752802098309	0.00076134844824744341094
0.66872128672472630484	0.18005638523978115262	0.040700146134442026502	0.002418667297782691513
0.60899556950355360208	0.22200431671680895263	0.098160898592740991608	0.002558558642067288065
0.65307762864235008315	0.096901774532239803861	0.18552470351140287752	0.0026120635007345848443
0.70732926161213627303	0.013063657451331533998	0.17787456909663235116	0.0010873871384356871648
0.59488199492790927447	0.28337139925669374563	0.0094227827584042432585	0.0011466131062509853263
0.48357931079226568194	0.28991998303220983813	0.11150093672656220811	0.0029784989570666225642
0.53929325441943964936	0.18280437481533720612	0.17346265975287064598	0.0039710993588625564943
0.52508329374785267518	0.11390349074669209317	0.25473210751166258659	0.003857649337323256454
0.57287734881950957977	0.037156908895850659924	0.29665359156692883147	0.001683224583155701554
0.63149335230556657983	0.0070699308931144178025	0.27401342416188612106	0.00084670114640776920553
0.46150935498457651418	0.40741714624805208667	0.0074177324033172448506	0.0012399843314165634282
0.54582738978799916207	0.31166852946158069004	0.045564081859778705896	0.0028803372069353327597
0.40629883149215645366	0.30383615387074230929	0.17596066733302306861	0.0037694806729791988098
0.41327951978562321722	0.22126961007083645327	0.26391249492415030931	0.0043904845494703685638
0.46772910060356115425	0.08623797607767152984	0.36281264007526170534	0.0026273042782216501564
0.50326726335257743195	0.0079121475808456298573	0.3936295850531590923	0.0011330306324706987918
0.41844816128196710148	0.4457839073294252441	0.041096628574854500437	0.0025526305244353377812
0.42885742683339933556	0.3926652385147688662	0.099137164975721808746	0.0031457629941847985861
0.30225905984414558336	0.442094665669615694	0.15794978288924371723	0.0038361270577963856726
0.38826135938359374045	0.15137939133796168845	0.35638143590774667979	0.0037144401965029309569
0.33218063400804043184	0.091023228118913335205	0.47969795796117714604	0.0033091077707322219016
0.41078594311614652357	0.03805458976707692953	0.44108858545480511548	0.0026058993665959693554
0.38669799043187896848	0.0078409067133757281987	0.44290369607834556565	0.0012862144628575490971
0.35688948617763616156	0.53812916108371988688	0.0095033334504922555713	0.0010639258106664288041
0.28171939577716675895	0.56924051219335636276	0.04319663566308951097	0.0022226956641075001214
0.31440294079827535434	0.5216063527972112368	0.088601546901729361094	0.002519147090357381092
0.31165047513363475229	0.34345215300734421859	0.24579406786231694504	0.0042645617222890827569
0.29646412613315209494	0.26180715568535040116	0.35029297881776766399	0.0042567087475841123428
0.28348902130290498658	0.17423886673549748849	0.45640284510730588785	0.0035698712658788988271
0.2877822137711020245	0.033118280096052443717	0.57651673214581611315	0.002313922732512936533
0.33263286676318903901	0.0050610163944799779756	0.55466076210426573656	0.00071031992856000216417
0.21693629259972757595	0.67492490863560106185	0.0093335258479458078212	0.0010894889627012574723
0.17277863041727503646	0.69428489129032622262	0.048547378459579411392	0.0019502091729036935899
0.20483908852835364112	0.59847158609445971766	0.10600306662507286148	0.0030799095998060741983
0.19149985252513945788	0.53369935080914099323	0.18868542736865598353	0.0038079777687918406684
0.20058894351124123556	0.41472697063923646965	0.28572088587685595673	0.0047071868108728136954
0.19484544924408897515	0.29886177079667120005	0.4023062501414975678	0.0047292177579284309236
0.18080151038319125512	0.1864896322884729285	0.52850569434973915239	0.0041169105892224101134
0.21870455026885671224	0.094863118562702908321	0.58725164134568319518	0.0032581351734062109424
0.20173820780378981521	0.057704236920232743202	0.69064708401675711791	0.0010306518375964323665
0.21986428873265728701	0.0053396421891194201237	0.6812094235814472043	0.00077053064864044556494
0.11543929755189752395	0.7612186042971201827	0.0088558675322374207084	0.0010078721584171493417
0.10439568515139407978	0.68929004622700318361	0.10905054931751005654	0.0025013637908345388514
0.1072811194358052056	0.61426900290427843832	0.18410159749685958697	0.0022644958907130910072
0.10404164797345916149	0.52695591106413997018	0.26897344924189298121	0.0030905253703525895244
0.11414556741522541294	0.41064601239844950031	0.37362182153962647524	0.0038055434386046332884
0.10984459235836907531	0.29048491895131695051	0.49622065520866159849	0.0038358421360889100038
0.096459471089970549862	0.1796245697485790993	0.62750798147623987333	0.0031993210018282265683
0.12409907725333957362	0.094472024716398816935	0.68632627353519159996	0.0027901931528807417601
0.16894784123457573521	0.031470811834854006683	0.69039208614580027668	0.00182449829232577505
0.11062899255844260704	0.0054848677224462738522	0.78727784941349854275	0.00063473805523249873014
0.046012458824368440702	0.77388555271199321872	0.0025029569071838646786	0.00030697521256346571106
0.050888789491603025894	0.78825278655994002186	0.053829395557490590518	0.0011178682289954141541
0.036926601261421776456	0.75244449432298099456	0.10758267397741889948	0.0014394682039537238724
0.044732866172328744625	0.65557472106377134846	0.18631957673885676807	0.0022456658831545356012
0.0067452732735540088527	0.5766743712294626345	0.32139145348092640342	0.00083836329742779567252
0.041684603220333737994	0.5260745086016562766	0.31599240298575992369	0.0029660288578857996189
0.048932404071659330036	0.41542516180794986091	0.43466774641183814065	0.0028284429792354943631
0.045320373999291785339	0.28890548960000406176	0.55367203446801260824	0.0027793358019879794638
0.035944696756260441362	0.19129475502462467418	0.65735814979147511039	0.0017750089043069509475
0.049411657523640517553	0.090544697885609037868	0.75292838942613149467	0.0019377678817397781582
0.072923978425180946417	0.033813132248581179162	0.77710068790412989426	0.0012320307493610658817
0.035049743061026483737	0.0087495638707381084842	0.8555418463629056447	0.00052984006699887341817
0.0068115369001159331575	0.88153907820133436957	0.0060331274664562383261	0.00014972186612311237045
0.010162772540704079205	0.84522514377475232994	0.041823809200280157028	0.00063442526728858718993
0.0065160916087451115075	0.76043701205188407588	0.11448347379660184231	0.00070421701168592429256
0.0084928341899667136872	0.68163126195526890783	0.21388982652381274829	0.00098730652378726233877
0.0092503332349455069661	0.44305328807052973827	0.44617359346340418336	0.0012718712583123029103
0.0094620838740570034631	0.32820732117350848167	0.57749435661790238239	0.0009078784266130885891
0.0068309009522713459717	0.21159027316752065939	0.67832027281845008737	0.00092888877593436005968
0.0085863003809979465686	0.11834202212791822273	0.78976710455378806852	0.00071762655184533707606
0.01064270167467928907	0.045635469390727156913	0.8432665611014956708	0.00070242961432290132538
0.0013863434910470484596	0.0079760001889732645708	0.90102418057873501223	9.4208429855705287442e-05
0.93119538179586891502	0.013232114894672984684	0.0080189673229801791687	0.00022889534522032119798
0.90650086054962608628	0.0015962871334630410192	0.041795306853116269419	0.00016873983943394777938
0.87599852468841199471	0.038069313234290233505	0.044655427632630598223	0.00085826831085136724622
0.87624888619618634955	0.075446546162254074508	0.0067006402925511056312	0.00040182794575044161137
0.8057633907734733647	0.090403920500856022047	0.038994448124502839592	0.000801757233471148828
0.77960651426890636984	0.082128576946034356765	0.10502633753234784375	0.0015504069487619477445
0.76711864363216020202	0.043632114027241986065	0.10285457340529963188	0.0018282970153340447929
0.84205585278720040954	0.011000551972760827524	0.10445331426483626946	0.00063536699141244438321
0.78764497143850920047	0.15385463387621800546	0.010776311690668173918	0.00074042935025998130559
0.75504899318902019001	0.14390724050146069812	0.051608382329666753485	0.0013115072937444633826
0.69086216921189880225	0.17165492006235738565	0.10684046916696453289	0.0017552184100774359966
0.73773161663183717263	0.034223917301693246307	0.1854563207301044292	0.0014953785292916416637
0.75912316556019321379	0.0015395672233507462501	0.1969799126536455891	0.00029021476707086744668
0.68005416753352809778	0.27074090042084492103	0.0063242287442075734855	0.0005912684934486912413
0.6659059439075715181	0.25325197437379487475	0.038325334435794777832	0.0017634655237853112154
0.54872187943832839707	0.31333208611832608081	0.1014630780010154637	0.0025017644363922661443
0.60064294338885515501	0.17545138712595922947	0.18751878937586954899	0.0023173504006842259549
0.56172249543916674686	0.10100867556799719704	0.30326936273673510414	0.0022967693172763399036
0.62359184486595531371	0.048909796270524663608	0.27754369401354478386	0.0014714562334543286777
0.65425109004579740102	0.011557773096068202356	0.30183478136077079856	0.00073696596072028166483
0.55150508510915052796	0.38427017921597012018	0.0090216232783898366726	0.00097294818687794514846
0.52484499219244562518	0.39685638565912101372	0.042840753506455615807	0.0017634809433481975129
0.49916002922316765611	0.26494216876761805812	0.18444488054520602471	0.0029190245757233493004
0.49455978784455728592	0.17571310528334954659	0.28160136878941166572	0.0026836053903040875922
0.50897388909811502877	0.037426451011663419699	0.41020193019543799151	0.0018433443693191245601
0.554603639614066668	0.0053858618858365070459	0.40624326770507862561	0.00048032433195380425193
0.43821756233019992788	0.51106943332458820706	0.0068441829828693847085	0.00069667164393213531354
0.39208064453757152101	0.53037238394213015447	0.038836002815418359246	0.0015209375293868112808
0.41246409141851669844	0.45809432529309912496	0.10190967557219784978	0.0022089709793049398627
0.40510877149172686007	0.36924362420955048059	0.1799567381009898881	0.002938634098625353408
0.39393871850820227909	0.28605765448428371878	0.28190533041226178979	0.0032987534612486982787
0.39436293111030928937	0.18326323901138169559	0.38187576412666218717	0.0027714407819575065731
0.41957905525782002165	0.10075957952542374807	0.44120257514719379843	0.0024690491887540966243
0.37217701930735569427	0.042339501572241977634	0.54198477846657300283	0.0018041859370307058823
0.41312234740709574687	0.0081837979023008378121	0.5226711620749324716	0.00086649557392609415345
0.30015360253216383235	0.65033637788378151345	0.0060473314186164344591	0.00063146594009804400682
0.27696937000823640407	0.64145832767139443487	0.036422718155620967262	0.0014635751572019553915
0.28203874399911943449	0.58427461801210767156	0.10359503917798749961	0.0021830782338090244134
0.29255710082430197438	0.47958136978850091081	0.18626574550986380041	0.0028707215522092511054
0.28098689957050548838	0.38938278941538928546	0.2873145814913368179	0.0032345945671085896134
0.28964013189422477268	0.27122077372590236433	0.40245500621768526273	0.0027748211452250570383
0.28881846757302154227	0.16748507471308515804	0.50791948395838459884	0.0023068306458826448417
0.29086406215004634301	0.093209827589114335744	0.57603898610194848029	0.0021024437101286020356
0.24294413789624280664	0.037505792145495875367	0.67387327244808081783	0.0011099327272783092967
0.29837260080436622811	0.0084714311013431853326	0.65626395052725938761	0.00076757425137955327503
0.17272014127740331624	0.77563424376431533425	0.0087297465294863107327	0.00071504168594516788124
0.18621461769216418602	0.73219939490104435365	0.050312166085909472424	0.0011875327759783816349
0.16901187461914735088	0.6766028694838596147	0.11702441763835726152	0.0020699707968259723617
0.19171854219971240507	0.57510047704106748157	0.20405589518916519842	0.0021674733685610745107
0.17461714226904878622	0.48802499985847785924	0.29580617954594606855	0.0026106289751467153665
0.19522807214752146976	0.36300740706850637141	0.40031897046260916939	0.0030291707177069198027
0.18885599763624727476	0.24935996516107772347	0.51705754592397612512	0.0031922302703071784441
0.18404461400383798075	0.14563898549805365246	0.62709379406914811383	0.0024747394400726320865
0.1620996553621314451	0.08426979362298281373	0.72422379062871367061	0.00098666037975649414395
0.17080417728258479038	0.0097388647336502653928	0.78274688419253668492	0.00072404609516119511261
0.082033844612938611185	0.86919336093089871742	0.0036861211745375863091	0.00030094527683401160571
0.096866386617599498088	0.79409981755395819825	0.037209666619763291651	0.0011049016073272808439
0.088937801267834570851	0.77593132360920424873	0.092228769106379351883	0.0014336886524049013893
0.10113878600427050891	0.65943970800735485227	0.1998463408138719255	0.0022615381241557395119
0.098960237077983070897	0.53620674344044960691	0.32050509344730093719	0.0023442297748068009408
0.10995597341691631943	0.39952802510242763079	0.44781045560622217971	0.0028257017346491443768
0.10047049461801871306	0.28084359551082294093	0.57490166511642126768	0.0024292238965377237203
0.10568855494920492699	0.18078817667169055916	0.67770322231620572229	0.0017437011369538261626
0.085589118364725602639	0.10026816434978047532	0.77694312503924001234	0.0013999847176146217563
0.11354798729035309179	0.039931434715991032114	0.7932689654369082799	0.0013017657847533346642
0.12286598694847616908	0.0068387117860414514681	0.86374120751431793241	0.00019129991603317354895
0.042572592143357956829	0.84975484175363802386	0.009849844992289056439	0.00053229657174787043013
0.036688222462986974648	0.8972193967883745902	0.022397574915753167696	0.00042091170467842460318
0.032421705518457133444	0.86265130905154818741	0.064080899940582330965	0.00080125656843028350215
0.043606681326233909246	0.75887582996645464029	0.15444211136202293244	0.00146290135854002727
0.040881592841435554497	0.63778244402795580825	0.26749230315845951012	0.0019962277987400512541
0.04630625607727412163	0.51077955472613267851	0.40213767501901315216	0.0019720915861114476052
0.043372306132792193267	0.37270724876187844021	0.5384775953006790683	0.0019394062264123418556
0.040941040675336881627	0.24912365681236614545	0.66477746292863437727	0.0016364666384820506992
0.043222605324771179447	0.15462550297812038824	0.74410942060135876197	0.0012662921006712209507
0.030026658241494641466	0.10117369997218350619	0.83405375164429251811	0.00061037681745408243691
0.042209235707288184081	0.044248526094963658295	0.86121261295581497119	0.00090400717466797785547
0.072978815837951849232	0.0079533622715040053208	0.88090122409700211126	0.00044531257892813764197
0.01228725873690617032	0.94017222182357451654	0.0061159975345054856319	0.00014440837586933918339
0.0012173382387469233734	0.92227615070485191584	0.035512753535948356209	0.00013561885441244503911
0.0074268395121280805782	0.83947505429558777479	0.10281119815720551891	0.00048996416244407496945
0.0089415445989601272103	0.76202547988922586519	0.18452181277958831784	0.00056072314848542117484
0.0064369214130727270273	0.67518370784924885974	0.28885526743972023134	0.00054809822954122425394
0.010576833268710839064	0.55329445913737473894	0.38634001738666901016	0.00080068655396818328059
0.0078559392745397582658	0.43719042329876356412	0.51691724893322610335	0.00078016572335204046554
0.0076816396836724143427	0.297829687394679965	0.65182467922082909517	0.00057655171330524908509
0.008055797257023100677	0.19122871444298095156	0.76568724512111663305	0.0006210935552792137479
0.0054741785233010098466	0.087200552729308933309	0.86957829614041892707	0.00024097258820417880097
0.0044210444505030643825	0.037619738875960151425	0.92478508061776287796	0.0001729130460444724775
0.016979847919632695685	0.0084727039410609217285	0.93445687684746281398	0.00021676556991470700931
0.98086014794451548138	0.0040920516438184449323	0.006574729016937198682	3.5719263496555258132e-05
0.93768473360001758365	0.010966334344354310149	0.041267977897043631175	0.00020863611971684310059
0.9409876845986179239	0.039882702310728726514	0.0097197222687371003652	0.00019707756212831872996
0.89154133493245102393	0.05038113927844494605	0.05620099574376635071	0.00017280615036624407213
0.87000623647371055913	0.11570766955945684107	0.008288119043202497177	0.00019570879410064321051
0.85308235692701206432	0.092849306936919812072	0.040241118859752865455	0.00062533123825220747992
0.77329123210828043522	0.12115851547530448462	0.10191335139434956614	0.00055271183463029434878
0.84774657365166494749	0.034817875408518647595	0.10538539456915947679	0.00051957179088070492342
0.88238118109486940455	0.0042647776988580105018	0.10678050515174536406	0.00012538258288128926901
0.7884067339507636607	0.19043819504216494276	0.0058124463708536808562	0.00021078773238403128269
0.76543030707842629745	0.18309855515596198949	0.042306736728385835322	0.00075514809044735552515
0.69213800950570014692	0.097646442004760497513	0.19445048452193017252	0.0012890232509141633967
0.77545534720629138992	0.05348170022146436775	0.16682479585135354117	0.00038677901907477644453
0.78372350562330317381	0.011115493279048455078	0.19638609529359149497	0.00036993460300366711249
0.73285961663821308498	0.25187330005169883407	0.010197611250516696452	0.00022405523709529426638
0.63315192875509207493	0.31485017324519165571	0.043906723139984497883	0.00075848407779155013579
0.65070118587963732271	0.24390067166996889925	0.097588350963265541038	0.001013053207952266388
0.64546751500306043248	0.17273334318964020384	0.17738402369089398269	0.00071890506608721527898
0.60131604492976531429	0.11277069522023769332	0.28206438227634983429	0.0006228104964724744683
0.67491184057291275789	0.044628495684497171414	0.27154564880867354537	0.0007556503207688254186
0.67851560835192481491	0.0068366709989934881797	0.30957285044696936094	0.00019811371037133915013
0.61874247647925550986	0.36229838379121620529	0.0081706909358972897722	0.00041003152465408454572
0.50812486385114508103	0.44356445327714166815	0.043341441065069721827	0.00050623098421095739929
0.5086469698372151349	0.37987474462625808735	0.10598903773760237623	0.00094417823561211353112
0.53245690554820379603	0.27696682025919056036	0.18071595448239075044	0.0016099210464826764835
0.51503954362455872662	0.19460016557827281014	0.28048787540994934986	0.0015402708512773735129
0.48553655809653151199	0.10732722692792712182	0.3992728815464924863	0.0011314422010590013436
0.56544259022109644164	0.044981285878677890189	0.38044926645566751189	0.00081622318984402161476
0.55212278873373232813	0.01014082348197026251	0.43356477122396797075	0.00023792160659745871997
0.49786694511209222958	0.4846691487582559521	0.0084503143607465303067	0.00037968415410107519492
0.39861087077920687172	0.54691081208351899345	0.046080691335016500665	0.00065142977451881239372
0.35963163671876818839	0.52966834191607992111	0.10747103812182441651	0.00065784437593089620678
0.40125813672445487246	0.39935284870612414165	0.19029947299018229456	0.001592773943855106504
0.4138371380515470932	0.29832818700804547563	0.2814342394297126293	0.0012026517219547307007
0.40013801813545901709	0.19531654306255041842	0.39722947317266044109	0.0013554242329818445758
0.34590292093699026577	0.11640182868379644887	0.53068525371735209006	0.0011837526476417416059
0.43040556188026657392	0.048162952051456930924	0.51357900604696715696	0.00089160583086264535296
0.45131308331508612763	0.0090123703964201107297	0.52545405333760475397	0.00042481725406483814619
0.36460708792327423122	0.61771329342562331099	0.009366062329964732272	0.0004113097874295126551
0.28181069752079213053	0.6608596438474436674	0.049651954575063182717	0.00079071042097165079171
0.28598258158969325216	0.52530206749648233888	0.18109363488335533665	0.0011171631236467009611
0.2872059594096372237	0.42190008498061309927	0.28249149265315581792	0.0015386879067079170351
0.30440818668140778858	0.30905252784272491118	0.37900051863490119564	0.0013156535889009607267
0.27448859075687115361	0.21603812320377424605	0.50209139639421873635	0.0012742305052307956788
0.22704003002894379559	0.10956063385666303667	0.65597943094107413753	0.0010149092201349220466
0.29803069605157794797	0.045634511018645240732	0.64730286396771119506	0.0009165366531059047743
0.36257304851972360638	0.0088897903287749047152	0.62240286325103832965	0.00027105579125094798106
0.23515188634208328278	0.74606197671593255105	0.0099645718321687490326	0.00040947612981259760932
0.1621215454844829873	0.78362778495836504788	0.048786733243767428647	0.0005074352017696576048
0.21216322149147348597	0.66479173714376926796	0.11769102092362496159	0.00086960073577029982535
0.18932641836780061961	0.57050083032030307617	0.23598399564424907271	0.00072358111753821965917
0.18189916068816003314	0.4687512951131339034	0.34056676176849615123	0.0013577861765667841292
0.19994159742729766815	0.35280121197538949485	0.44038924638760801322	0.0011506155730233165284
0.16632959052759754837	0.28997631117984101756	0.53380908268476034984	0.0010075808420714651818
0.18953488527079875858	0.19351271285590776472	0.60861411945053467409	0.0010477949172305140932
0.17896728947750750738	0.042985390461481975954	0.76985939209127651761	0.00068751499118498669849
0.23667496232643570053	0.0082205323441180144783	0.74842676960119380869	0.00027627450799513550428
0.12572882805543184048	0.8587318725658202867	0.008529571874397404857	0.00024219581206621652522
0.10109656602634997657	0.83773224720778050045	0.032721946148209404837	0.00066323807936842157917
0.10569133902406557812	0.78132399168077137919	0.10390347256467409587	0.00080039287354177757194
0.12442226043176785044	0.6876090040193205688	0.18124770081428590029	0.00077174158540534740312
0.098665695005272335827	0.5967531994788652927	0.29568476715203084737	0.0012440525326219823744
0.10347937617933655741	0.46192340616233218409	0.42637820105308066321	0.0012288028278809350058
0.099163386345622828166	0.34066177659933127853	0.55189386316811195332	0.0010487890346624853966
0.10654975630077956339	0.21577016195003195786	0.67075775362216560893	0.0008642770403040024238
0.1208289604087720015	0.11413068581333252194	0.75928723042560575252	0.00072583982748505816371
0.089883996489124040608	0.041155775685079221127	0.85865747054842322949	0.00058263932883298712867
0.04601820823962754492	0.93713399208654912798	0.0075267742170590885495	0.00016614284133021308049
0.06589486222766516299	0.88377788903446308222	0.043659582024497149699	0.00037141984845318217184
0.038190042498763787648	0.84809218596410296254	0.10548436742310454695	0.00049252187540945011231
0.054658939687849072975	0.74462435499663159888	0.19312789483855991035	0.00067635242916141307713
0.036249240164345608584	0.66666193942175433484	0.28520982163083952177	0.00079850499079417306195
0.042367519829184074887	0.5563254610525172339	0.39487640446633054392	0.00062307286167324665762
0.040500640205626381452	0.42757369670140210616	0.52274093315180814034	0.00085602939317152367156
0.045220218698179159844	0.29387822642157190867	0.65249001519795446491	0.00079872677509041430533
0.045885646937424584557	0.17707218025859550181	0.76684016967374180052	0.00081212549104602927211
0.050013714704320255677	0.09291976273077717785	0.85147199781193494417	0.00036427942126616351349
0.02867436945684997962	0.043663185989409214471	0.91546692322099620931	0.00029006094304282630837
0.042769282643990269577	0.0094196634031822323863	0.94137761062708147364	0.00014387560266228364416
0.0060270618033361200716	0.98102064193456406382	0.0060586353173976295952	3.4536864654502906697e-05
0.01354945368025450847	0.94069278515979293243	0.03775535170311346278	0.00019426715544724765944
0.005630042424685122171	0.88743397204624008268	0.097479356130567643146	0.00017675269844768986605
0.010086778164476006836	0.79399410796462954742	0.18684871058453905723	0.00035720012026288841533
0.0066665503047349528032	0.69263308246828247938	0.30063822968375764066	0.00010240229770317973469
0.0080612003719915392708	0.56527864079991640978	0.41557671669773993406	0.00041582740465545065586
0.0073900632648015163184	0.44953600563996320982	0.53841785506785533322	0.0001966173082328193458
0.0089432900575943108379	0.33277972277762712938	0.64788113221795273766	0.00039484799286473989607
0.009042153288798204791	0.2224950061316789407	0.76364881695906938752	0.00022265299135331432156
0.0086716288830038790181	0.11778725914031951127	0.8655149407028375208	0.00024551817746340081619
0.006712385319227576197	0.044612575261564479945	0.94683343299676459015	5.7091533626667409723e-05
0.0054156151218822667914	0.0066433832695098615773	0.97911316367172129826	4.1599615888068293542e-05
