0.012628969306379769083	0.011109361959103216874	0.0088049812319322597748	0.00011762314843740171539
0.0020445287265309780578	0.013633039580897544918	0.039862115089132406365	9.5673927996679734701e-05
0.011501312394801649353	0.057099513671240199886	0.0076857844197234567035	0.0002206871485878102244
0.057654492381437882909	0.0084711509797011572132	0.012227200671820450534	0.00024159433135305719335
0.063821733393387314326	0.045402685255814201337	0.0046458795171525008386	0.00033586304752316264392
0.027097126855022732328	0.006148501678916590274	0.056764346658380621102	0.00028529298610332348707
0.0091198917578007576701	0.14236336601878638031	0.00052677848035342683848	0.00012641932848152096554
0.10241387477623878355	0.045591144246405618246	0.090603380822810997142	0.0015759452523792774527
0.038448364177997351732	0.041660319329595456306	0.040677303027041041006	0.00087793097668196584497
0.046495114639731660588	0.1093482100942294033	0.012794812959871511293	0.00078140608207971477567
0.0060869367682036545908	0.070114599286342088602	0.037401214612359061362	0.00030741433714141710044
0.0095342608388196414815	0.040286226147346670956	0.090596958253213538681	0.00049653029012703092486
0.0064078431625886195233	0.0076425110665002821131	0.11332301115647078205	0.00015960298920100675921
0.13274321890134868629	0.0090076098038408512758	0.010122332831085961713	0.00032913053040499554722
0.090456694497607972871	0.0096175335790748203713	0.058500475315654380803	0.0007182460699646230377
0.10824531467156617293	0.048343754263992629039	0.032091245317899357026	0.0010676358155727555359
0.15729157067594726205	0.047737528995398348375	0.0071913556075950410898	0.00061621362027603290585
0.11420199263641217513	0.11682558464882550342	0.0081081416019095405717	0.00091306922336833464763
0.091965533784301362052	0.099735932549895239818	0.049747337357231406763	0.0013606507395058137135
0.12212141480828805906	0.0066772257847020344279	0.13590405020892296073	0.00094569272646971569429
0.04865194210427181698	0.20065579026178445576	0.0092563643925261049339	0.00082722264071871903605
0.038649833262725835636	0.11859666392029701021	0.060746558081011606256	0.0015339509454587400145
0.044724091501922913494	0.057391897489985424508	0.11303295040060569454	0.0014928847013906192901
0.046854337876956669851	0.012033956604149326219	0.12987033072550138724	0.00088897908090446739818
0.0073552925215655540203	0.10801809912911894407	0.10373850244453136638	0.00086950639738557380758
0.0094937326293983992365	0.25644001843292613119	0.011001188161891018238	0.00050993764113714285403
0.0087660248991238698402	0.14675921944031392052	0.029545483471440429218	0.00058891604890853963689
0.0091243279202695981578	0.042097688688298245951	0.1822350109557271669	0.00079199415627247019087
0.010557996762943416824	0.0060343726867172764461	0.18728302876183461345	0.00022116547791811870917
0.23936702819743746473	0.0092893731558093897704	0.0090740432416810262728	0.00039618042800076969101
0.17801545017529463166	0.009332859606600150959	0.048749163159868012796	0.00077526915163448793192
0.26683936388957640862	0.049966744993806357089	0.009230789931830032935	0.00096248989587182167977
0.20356700787948706077	0.045710869531888520534	0.045443363254041788113	0.0016313842176012777543
0.18181787340882216153	0.10390421037567050544	0.048678092740088427237	0.0023216320462957473064
0.20650865617845515221	0.1198388463185115077	0.010127402172298004615	0.0013320013936335070581
0.17865007148491712785	0.039828405676287523263	0.11384499250932046677	0.002249891538764856036
0.21897292981793448075	0.0078666516825012661185	0.10319107386928268177	0.00085214950063536700018
0.11435786402536768369	0.10952418245687470244	0.11919210793125031844	0.0036089015079429241292
0.1107535672209472577	0.17028511938165649675	0.045370330570835087913	0.0023544814838306407645
0.1014213850001028927	0.03958757155385456139	0.18333064751636402034	0.0021554597759411062673
0.11814852663422589774	0.2182355624487770096	0.0087007885514627548995	0.0012455719386996017776
0.04405572962370779555	0.04246745791565864625	0.2289329934103481734	0.0017595833957163833829
0.12420849496245406351	0.0091034016666817485497	0.24624402957290095206	0.0013279385028359209833
0.046711936793343566965	0.2270653209876594969	0.045163852690691543013	0.0019079638121531417635
0.052355166430534560984	0.17520517331649387849	0.10919056859784793956	0.0023739701768692072006
0.0080723042208908357686	0.10507000849973671674	0.2130839364457020324	0.0011611317458553812882
0.043450871070063401547	0.10697067185691902513	0.165771301671168797	0.0022999255122550612586
0.052744933450415143472	0.0063161064250388809782	0.23071687804526558319	0.00069955409690246632068
0.050537536733155585811	0.32287329220554172871	0.0072788600899090540042	0.00087246627080687683305
0.10680222355166507642	0.092126822455657425559	0.21996372308196529555	0.0032491091890950877033
0.0097524264271282024019	0.39031083148862710797	0.007393318622408758499	0.00040466338760583836064
0.0085316098131634765522	0.222462986423624276	0.062388633869915277597	0.00090666063915375877825
0.010728600004343169516	0.18986409492613967598	0.13173981258515035653	0.0012847971162884500723
0.0095324160855385642321	0.010984647769486211022	0.28278340733470613833	0.0004563754512372088061
0.37041082938609271036	0.010236728704882401206	0.0078001576964559383304	0.00043698744941494976251
0.29687178927130369877	0.0086537244654100523022	0.042420135428072339168	0.00078242307714569974027
0.39494923375146639977	0.051327512943285247271	0.010510765592370309093	0.0011803760173027685008
0.31383658288307891837	0.044840582035099524338	0.050656009135092883167	0.0020612399213121843956
0.31910386074842089776	0.11907673293487273936	0.0074460987302322357434	0.0011468565271348920773
0.30367793111779189941	0.11280563714421093513	0.044642035119209506899	0.0033244366787507396988
0.32783934032647854551	0.20175941604862601686	0.0103246032810657834	0.0015010017809704413825
0.22004920281441681107	0.096102284325680964461	0.1091953092928999447	0.0034786464780437553572
0.29488069846005054986	0.041611085651181697886	0.12014320507883365086	0.0028715051152206384766
0.31765715333700844658	0.0083037704414218732607	0.10804065262384844603	0.0010404336472641102611
0.21251260616222863997	0.21573473570863124782	0.0090042387290557579504	0.0015503456854914126131
0.20711257085938336586	0.19377878463461864489	0.048141799687361534754	0.003514936388836000479
0.19280121782156733889	0.16943191783370997738	0.11329533274054849612	0.0031966354989700130652
0.18540487315226927834	0.10664671050998006385	0.1931944742318672803	0.00322477580212547979
0.21805674829008922511	0.008242998689468233886	0.1914154343352308385	0.0013748661378669407157
0.21729037500144510187	0.32655718715046372358	0.0087497188053948290326	0.0016318676739427947532
0.1948421280720712967	0.045056289685004635714	0.2076388567210004088	0.003395971069601420346
0.12139880880648912242	0.33879358544273807663	0.0080825134823793703259	0.0012991325846316388246
0.11777136601908766433	0.28336459373807260098	0.043442692212773699467	0.0030537408770704762423
0.11680609180027079486	0.2151437007471815599	0.10735408336998233936	0.0039748402373329608933
0.1072376183479611389	0.17582050535818247172	0.20112168096239299575	0.0042008183732718711381
0.11147084567930226617	0.042162314412370505146	0.3129426139437366805	0.003109171730355574613
0.048275208369524813534	0.21637205097272790844	0.18612575564363423308	0.0031771380886083232936
0.049920274981683832038	0.46482675947793011817	0.0093734763448775453021	0.0011402082428124446067
0.050504982728824199256	0.34984149565118938252	0.039384391786881287056	0.0018782772656024300517
0.046541549182285757436	0.29231045614545297928	0.10134759963595213472	0.002829743969426196451
0.044902797233590807657	0.1267798306898469396	0.26371056854762098265	0.0029922257403980456573
0.043706613073035638362	0.059706737091707817733	0.32856952669107947207	0.0020026604953552237104
0.049263583018578416262	0.011425001874849294303	0.35022360396604773625	0.0012303894168736975896
0.009690481459098287953	0.34187267438241486506	0.045299465813518992319	0.0010205552791582579546
0.0087600752462653197483	0.30850257301942690669	0.12262996264309461436	0.0014711875262544871386
0.0079417673112464060026	0.3234279584910358385	0.21067659268659127969	0.0013497195381372919815
0.0088039094940311479753	0.2035068308975375162	0.22263055133824793952	0.0015917136929341707888
0.0092469376013370463419	0.11913706301668069987	0.33277884319960882031	0.0013689877944200422311
0.0080555058321096217888	0.049559317602358321508	0.3174683112763471704	0.00091751882650275705562
0.0099431201673299551835	0.0058734795040593645865	0.40715365344796938807	0.00033676252716517533509
0.50889294698418552354	0.0095879862623866381893	0.0097687350835072416649	0.00050835502328749069059
0.41980331562659406464	0.0083179027236230662634	0.045693138370280030058	0.00087770179282268862182
0.52729815163589066618	0.048727327477864623706	0.0093054859610992354119	0.00099916545794609921971
0.44078957315496775093	0.043351933745054409275	0.052828955504275208754	0.002248262936616421577
0.42413226213741173076	0.007375293555009904134	0.11750936337921245867	0.0011703625317872994038
0.44726547112285724994	0.11967059891780137959	0.0092584865213337433354	0.0015431905785547577609
0.43708596397135890399	0.10105303499785485422	0.047601368759785087081	0.0025549408614281561396
0.42453215482600892283	0.040387190920896001711	0.12453391706408882544	0.0030439059040200180939
0.34181816694068956064	0.10000073033967908642	0.11291496531267615488	0.0044226033309461851642
0.33000693368280442641	0.25384964168465573575	0.0030626934174989664007	0.00038695209431361716904
0.39451231042143175554	0.16262701836457976734	0.048168463551549509094	0.0019532720888811110592
0.28411575931773691561	0.18626867521186363241	0.10576169059475713785	0.004782263432033385768
0.32388116987093212851	0.0092427332686146057572	0.20849731118500861027	0.0017798520290890492649
0.31470945819411277888	0.22071827270824667666	0.043067345627475106529	0.0032524949412365529791
0.18362523935599828206	0.20595347534624167118	0.191263001457939813	0.0054224994630831507142
0.26472571502069403016	0.11703156690814267571	0.19701594814484027496	0.0044982102276127462412
0.30789548325389709538	0.048589855448548685546	0.21587965268439882061	0.0042006082135272902398
0.21119680130199780521	0.0096343421865212608424	0.31090639651669893517	0.00191462316553979244
0.21002111518354382724	0.31059067164168191466	0.04393650961388288062	0.0035690234958248010823
0.1959073908871740155	0.28494809709686008681	0.10683623201141692616	0.0051538821489195262709
0.17501623337214727849	0.11755323635557174411	0.29267407182046301095	0.0047037496972893626593
0.20588036159497768995	0.0496535906695727558	0.32375967999163079991	0.0042370440651955457168
0.11517924982418770163	0.0063723716239382222071	0.36203116650919303643	0.00086843284007215282815
0.1059841863484025648	0.32701580462475909883	0.11056838021770486191	0.0038660658250618817888
0.10348562237777114703	0.29440391402077498162	0.19643692191727407659	0.0051332299531047561464
0.098030997186724144754	0.20373075487790515137	0.30082354144490353054	0.0049313827615621733461
0.099829343932065772727	0.10966662972561425082	0.33406898345758540003	0.0038205433580728873424
0.11986027815354671766	0.45590223255169370908	0.010310492530058097335	0.0015047790996873431583
0.11822009688214568657	0.40963185356250753077	0.049343521054126926462	0.0034239762187095157918
0.11683557665730465169	0.047000062117840135656	0.43849332668976442884	0.003341502599577173601
0.12126680626611502367	0.01015573009676357108	0.44603790402442156093	0.0011668218403794033966
0.048659460570895540776	0.45543130974218376528	0.054977724154588417105	0.0022127879703552847529
0.04333432583840990393	0.3993460269001347096	0.1220025042727196779	0.0027934100136900222831
0.04073693616249840499	0.30866517074860977399	0.20929928734234415355	0.0031157080534824467891
0.03846550938840054279	0.20716707406818102299	0.31360954032919785561	0.003359805272829887151
0.04761915934697497077	0.046269910881245157608	0.4396342729231210722	0.0019170439997974928446
0.0499037884333823345	0.0084866653262704594418	0.49075453490580289717	0.001043908424151539921
0.0092021486004582042639	0.53707699598750202608	0.005465228694975753955	0.00025868553770529319463
0.0097603563652891578428	0.48525250701216010585	0.027097097491916390111	0.00065101175818873201727
0.0089707072524320974338	0.44257486909852855606	0.07808574874764680207	0.0011319937060605448579
0.0079910103595622894446	0.44350186523740264821	0.15063990430199539206	0.0013548731112629688184
0.0075621909269029119471	0.27068676173555411557	0.31255574280646442054	0.0011799011420791714715
0.0062825615991195515875	0.19073776856608870567	0.34637992975383247174	0.00081552197888395852425
0.044874912719491177882	0.11863193374582775563	0.41241807260711643712	0.0033109682378055487612
0.0087813613088350006564	0.088720834283532057363	0.45785936755072820237	0.001226216066434394035
0.0092259227376045305213	0.033677248196709363981	0.44719450582222841639	0.00080905324925223723841
0.0093114134582324981082	0.0072721233849750710476	0.55391891844796281585	0.00038643177488656969181
0.64570500282010112603	0.0094391018173400568353	0.010403194124804426499	0.00051662551030413222421
0.55063341997211301404	0.0092572978156014382178	0.053187974376415383948	0.0011194958223627875411
0.63229153098869095295	0.053599854692475523699	0.0070829809769322208887	0.00048859742202616055721
0.5787771323542969526	0.04922098227603061843	0.043985557453239142178	0.0022617762367189765162
0.54380094415688218223	0.0081917382249309389497	0.12726628694709435363	0.0013191866517676413464
0.5800400311720069757	0.1168533940693776696	0.008750231904307037914	0.0013650983034941145244
0.47591324608154739195	0.097508198987659847057	0.10946166534604674647	0.0037928858357281036544
0.55626480480819440189	0.04260779267442089957	0.10981323193460230947	0.0026892837366183841227
0.45686569424135065054	0.21161218699602923898	0.0089350794203290704459	0.0018121389794645010717
0.53674222421273787287	0.12605638225842658029	0.04540906817028051573	0.0028347442602088316309
0.40079118314856010397	0.1812854424244877416	0.10946435382176489259	0.0050003392393322861065
0.43946731743747730059	0.0085765590667172542094	0.21898062380042046526	0.0016960394524184647675
0.44364154908532765775	0.22370187521305393008	0.045270736210116770126	0.0034972902597037967831
0.38340518750743435294	0.11016588851572747809	0.19254502417896871003	0.0051038360537896442296
0.4375578066324347648	0.04511254074216600185	0.21343824900611443884	0.0038426698092063412034
0.31723235202424743262	0.009325240640631449196	0.32703759577234742251	0.0019663280524833820495
0.33210012051072668182	0.32699484343498125272	0.010219129061407723064	0.0019607901657568175754
0.32011113131421725653	0.32228981966583836183	0.048064293579683066426	0.0039786275715448030099
0.30456389245997933513	0.28612920147091280842	0.11056636733785045468	0.0055004858274784783692
0.28802185744721003902	0.20337326931855034817	0.1949618115548315822	0.006491931650257427161
0.2831948247156003684	0.1144145963882994832	0.29281967838707700924	0.0054020925118009937779
0.32270759543146887438	0.047050987765275276153	0.32563908842654321063	0.0043194964333026133335
0.21548247329241060344	0.44533887156823137587	0.0076018953137933576239	0.0015178012745096442285
0.20028995449177444677	0.39494897339919637913	0.10579473070358284825	0.0045664579115566204456
0.19152071805319692555	0.3153456114992204129	0.19430874352093258084	0.0066174982865322192621
0.18602282808827974581	0.20694731402068750059	0.29739754777577881439	0.0066481590860866367904
0.19715060767625136595	0.11280176193677021734	0.39525335068090911017	0.0046549101038362867416
0.20589426215537715015	0.0089591988845667547281	0.44278298375086594385	0.0017374698542473002334
0.21043909204870847596	0.43318037814997595314	0.043086123021240520237	0.0037593132993126109585
0.21273352046187365971	0.045744741896735385822	0.44675199010891641915	0.0039615260040709527126
0.11953912668266364339	0.57124489069765627125	0.0095339844261537291803	0.0013927639217703943753
0.11540328103539465587	0.53857199116800180683	0.051481913416831046049	0.0033233859267554725914
0.11260200253918695168	0.43683976423141590573	0.11956724906756487081	0.004529059211912659505
0.10627053931281327248	0.40595045562245807291	0.20532435216365191311	0.0038800754414958843128
0.10754810141306225812	0.31290685287248171109	0.29261979717942926404	0.0048501203687002763382
0.10394525558185929714	0.20241862386004511043	0.40904533131693115999	0.0049033222978504941575
0.11332947561647210843	0.11227705100319956832	0.44748489302185817662	0.0043967550564371730981
0.11848610784340329882	0.049794470193537110347	0.56843054956564420532	0.0035054023483108271396
0.10905081948327555175	0.0092996494117953965031	0.56808425914695015457	0.0014276430059092870897
0.049557687138528372373	0.60655888881003650059	0.00065926890053609888808	0.00036189585569368853089
0.049587715005598775875	0.58005523529528302262	0.0290409420390639883	0.0019133281933314274202
0.049591947669483715799	0.53434785670514206579	0.10019731932040290556	0.0031260991125463093165
0.045561962056315574721	0.43320346560552858151	0.19656141387910297524	0.0036594224437347961515
0.044821970239869557417	0.31913200870370811435	0.31145714983936562126	0.0040597547100154280156
0.042979217416041048949	0.21243415506060403519	0.43460220180284281355	0.0036074436969837937045
0.048269586594561153525	0.11578934501496418452	0.53976624510350212915	0.0031817837134224735349
0.049618240062098251109	0.048928262974321290457	0.55111315177330921777	0.0021717279286192509719
0.044060961181988211877	0.0098147097560001839156	0.62964614931491413863	0.0009420439842540947236
0.0098898965933102989112	0.64979772051585404924	0.010973912075497735397	0.00048480299557497673162
0.00937366185821975062	0.58141090999728217703	0.050695225575015712138	0.00090867500521121748105
0.010267518593099489443	0.57379456125814531919	0.10679640523921429818	0.0012693673914771289035
0.0095878394539992140011	0.52883536064159653023	0.19396187063976963461	0.0015143585714661204553
0.0087577245210016529953	0.40208903935706247212	0.26872944505025248008	0.0017665168499291527583
0.0090368962275261255357	0.30156860601832197188	0.397580517537028999	0.0018137880991791885052
0.0087479035912957359145	0.17784687345271205094	0.45716057975023310922	0.001579455410265193354
0.0095226303178950200135	0.10436017293559052277	0.57424390492917987139	0.0012681891570377528886
0.0095115470190305639875	0.040651363039771681862	0.58796388783799091726	0.00093655167523685719025
0.0081723208114289347392	0.0080854674358256106714	0.69303922434753673087	0.000343889834795154661
0.77997033289355144348	0.0051840983021673031628	0.0095389269143432188491	0.00027856573448724190108
0.68025968966581684683	0.00883517781319860529	0.052530309205551878327	0.00095297103083701582317
0.71219715369907832248	0.038694368559738401281	0.0080907485740663153545	0.00056919872933815945405
0.71830029184054355884	0.035434176116793100753	0.039044480504437997781	0.0010765641523387081777
0.66287548756309366826	0.0086425653103376076647	0.12088346226559815166	0.0011523081892564673769
0.70698696363823354538	0.1065116470469683746	0.008537107929529172759	0.0011765357912289038309
0.66374775438934063843	0.085515123231992534736	0.042676232844991522641	0.0019965161967822075452
0.57098909034253808592	0.12216499470677928685	0.10341206742960844245	0.0039659001733749225591
0.66491982288661044542	0.049461867057094807687	0.099120149016630451633	0.0024909900612670801689
0.47547496451564108533	0.22047753831678795766	0.10645695217311623715	0.004853200711253065347
0.5844310391857630016	0.20603829591732591986	0.0080864158031235741642	0.0015158631543361257999
0.58209357954442353389	0.18637374670823531053	0.042598490616106529649	0.0029217327708901765816
0.37189032381403469563	0.32696666636531684924	0.10944139114238937704	0.0049550334343674362972
0.40836952320587976972	0.19026932501302681877	0.19440173689883208374	0.0059534859165304935408
0.50810130646380358144	0.10459751024724642243	0.18487458478279203411	0.0041318849139825976693
0.56162171323611387308	0.044197750730584378642	0.19225192144095901159	0.0030594572061609917255
0.56233054634938206551	0.0086719437446387270807	0.21796395108142357921	0.0015489906637608326281
0.45119127263491648483	0.32157342446827125171	0.0082359860210673239284	0.0016990142677106407579
0.40277635613621298738	0.10526051148211462705	0.28714804924365716632	0.0050673425344514690452
0.44582137917671049721	0.043167088205665060663	0.31537075838042394338	0.0035395734453709387646
0.43479844040075349421	0.0085159811567749321704	0.3285485041180535859	0.0017372108879745438211
0.45039766863051144963	0.31126868904510424096	0.04369691250339163141	0.0035359876587242383347
0.30132469170332570885	0.2985483021948662774	0.19794704243658761689	0.006439322662823358627
0.32260462389500704772	0.44234527202619400299	0.0088909321677229109088	0.0017378386271775620679
0.32227871642570626864	0.42964313627088984715	0.047758081860041892708	0.0041613422538150845673
0.24794230119773807974	0.43279839929608621141	0.11879837883316582414	0.0052234322436261722625
0.29639882512521142921	0.19307403983768928191	0.30213547855669736775	0.0067376249123935793087
0.29905682483205486832	0.10060276995018707646	0.40427917436788046723	0.0050173344259483556098
0.32500571925496291037	0.039202082468419108263	0.44253225925044187283	0.0034006538311260091703
0.30909012430674870364	0.0078424692834273002084	0.4485519122007302073	0.001556686545089914879
0.21005381278379198218	0.56209295602517328483	0.010587224570455092132	0.0016892905943406161945
0.20424979597206027737	0.54376816828541474358	0.052357948336894125085	0.0036530393981958446392
0.13362489736971394638	0.53818815202276670817	0.1216828546129514188	0.0051120270678961955008
0.19484000502361686902	0.41201791079006644392	0.20878368648188416756	0.0053772987742664486721
0.20449250527094131602	0.29712394231916527954	0.29985934157571791925	0.0059789535357520056519
0.19167068095332484567	0.18889525530832451672	0.41875901618370969803	0.0059845811208062201642
0.19427903430463222545	0.10009588683211678717	0.51304756035300613792	0.0041201840655233643376
0.21283567071682685246	0.03929498306245526873	0.56618808068231252228	0.0028586764459288525365
0.19528760977423154088	0.0082618769786728663007	0.56991938185605239831	0.0014190366205874358624
0.12827743767172528067	0.67515572132910073311	0.0084432486334517289905	0.0010205700926176268332
0.10490770672846216893	0.65816346846287643313	0.045399740135813784758	0.0025680074918033035658
0.059723434884039416914	0.630612644127121591	0.1024539517087832835	0.0024576402360940775328
0.11600716915101405569	0.46967172731977913092	0.21565914628902801975	0.0033196773332932819067
0.10252826283538851726	0.42921519888848469471	0.30595067034299039399	0.0039745065932353627891
0.12195011601529071044	0.31601006584973878599	0.36269503501701572112	0.0043506825493910741137
0.10539344794689020635	0.22884220574127028813	0.48850923484886815684	0.0042090615648557941353
0.10753803049412913317	0.12728170799506999256	0.56152251481425619062	0.0043898959680255689869
0.1133141886069537474	0.055048101877410271499	0.68022252768034496828	0.0027726953812832241114
0.11176932221532054346	0.010598675524431833139	0.68853042988836021809	0.001361301555725093421
0.055690835672120742039	0.71210787704360323236	0.010316181076244771569	0.0010236113026724997024
0.03478726373533436167	0.68715182881758485323	0.049038637115905267527	0.0016934779599872479879
0.010179155991907107293	0.67751749949632367187	0.1198032173158806446	0.0014982271951151995837
0.050536701874760781017	0.55348040411045840159	0.18484152010366511343	0.003598534480864696173
0.044069332073131461947	0.44076638957827973808	0.29953591755916231243	0.0038364777908159548511
0.050208219360185712965	0.32024951329844142389	0.4225684328117734756	0.0041895091612027691302
0.040452413519363683569	0.20389444407763623879	0.55598228782943703852	0.0033053581646079292777
0.046755965137130983678	0.10991599271716212538	0.66206640210952782954	0.0023232690652491621783
0.047999597373378888321	0.047632635902046804866	0.67539570075769306268	0.0020368870931510678346
0.048750335642067765818	0.0079039580624483685156	0.74064854237878896548	0.00069181153099093467378
0.011085285508593223369	0.76467211486574482304	0.0080877516692718243868	0.00039150410483775011875
0.0045377280287265397973	0.70903222519501452048	0.047037759003107700029	0.00049600710213215941542
0.009013823289825029228	0.58758526401074417933	0.23187276620742530708	0.0013974205893512018674
0.0080976522212906631992	0.45090821692125498954	0.33893463304554799498	0.0016794343661580243051
0.010267936640544705895	0.33457284625923661148	0.46714427147146725394	0.001613622621563175815
0.0070977211009255469776	0.21147656479536258711	0.54921276999291934739	0.0013785952036132753662
0.009535160858985425314	0.12034192750641170555	0.66275444886043588522	0.0011452850499081115073
0.0088915504324610372677	0.047162242734136050615	0.7114770089584798729	0.00087814372154466989028
0.010348853501028099089	0.010198565752141952601	0.80228673625143387405	0.00039014206495465125583
0.88545168795378348392	0.0085942138152516941302	0.0095206728246438453861	0.0002711155490276330308
0.80160718887216364514	0.0086622272352037052445	0.048007061374080617355	0.00071802402969689299757
0.81147357519868579256	0.036903478991152059707	0.0071229573708298087736	0.00049842256563296938321
0.80254452773294104873	0.050287292287722704098	0.037642269907351949554	0.0012509480794849481278
0.75599134697082592815	0.010538800184502025714	0.11373765986080626444	0.00098479053601925126485
0.80956481555172332687	0.091865642608413872194	0.0085674898483927130338	0.00069389929864099430395
0.70674146284915428939	0.12803762424076453597	0.048612025219872873061	0.0026411205463372821114
0.65948868600066035128	0.10500370129410752096	0.12488426609344177587	0.0030745283576682188101
0.76257604773675757848	0.050387159802495556926	0.086916921525545892679	0.001475980110104327999
0.59038775217727745837	0.19726711409738120762	0.10299983488800221187	0.0034440953461605948623
0.69819147261511527169	0.19135662509680026466	0.0095811540799903439219	0.0013792238376263636201
0.47600868690428654872	0.30888574745985597492	0.11140148281181019851	0.0043532385687961279788
0.51751334080293198703	0.18109586796177473689	0.1866768027749504677	0.0044251584785411747849
0.56998941064445318716	0.097633308581350747302	0.21984053327988603566	0.0029815044334566311035
0.66910537180392681833	0.041261963492632919293	0.17802298761019347273	0.0023079767964673835769
0.6706296695444667888	0.0066293721843647124281	0.20867873380463450306	0.00095040577195669830382
0.55873758931818517937	0.31389646678260674229	0.0085901770508082560956	0.0014363187830316028956
0.57646996380936310622	0.2636852560779549548	0.045004298939988210404	0.0027793716679961645577
0.49911551879328314163	0.091354327774142596308	0.29611047984627503205	0.0026780397452601288968
0.56050513253690104065	0.033897247893556969878	0.29031175429438704771	0.0024172884050559359168
0.54525677278786699453	0.0058826268892280264566	0.32474926890093264165	0.00098776990310874696055
0.42128157261001880629	0.44271676101755902399	0.0096037838359155289214	0.0016823658305715259546
0.44809627914117433622	0.39694754749781518965	0.048230370407691805501	0.0032801629675255888213
0.39987349886374146113	0.28334234140848246764	0.20053380242735477368	0.0053977344099312325743
0.40822913524089526893	0.17731943130753125004	0.29758259610230669567	0.0055475771062362122521
0.4040567630728337245	0.09348085788287197051	0.39483463284840020213	0.0037963948245413594793
0.43365283230956308547	0.035458537702790449142	0.42393356054846847991	0.0025568842082330208235
0.42015694780342943693	0.0066444134661949316722	0.44043474083551720222	0.0011466352521826547652
0.2949421646843447542	0.56360342707180000055	0.0089288869182567592864	0.0013102033545477223628
0.31257334124155633504	0.53187328712292514243	0.047644294451121733946	0.003374721389571489448
0.34071982710740789102	0.43245911001642173277	0.11518407720234020986	0.0047409854043414627334
0.28482169891181163823	0.39792580720497255919	0.20971364278488918709	0.005376607877171007098
0.29596954973182887372	0.27757590132074888567	0.3135727054566588845	0.0059815998980859109643
0.2893488578995375704	0.16788907470486164053	0.42527974235441029505	0.005487850725096082849
0.29754333947807398708	0.074957600980204319718	0.52206898473629603785	0.0035896931253590813257
0.31233122258474166344	0.024041556860386448236	0.56185531435512547915	0.0018093284360102281604
0.29749523838048907987	0.0052542162049722396233	0.55681442827050819933	0.00080766963910809186963
0.20344584577083391075	0.67511055657434870803	0.010290009758256070047	0.0011898081675904127828
0.19191036486752810486	0.64026087920593022229	0.050310233544594497312	0.0024071552500573474564
0.21602556243680082204	0.54926671455360531748	0.11861612437271087939	0.004426152053075221339
0.17737266079692182164	0.51789749205311252922	0.20628415222743123891	0.0041135339410930246359
0.18678026291210536591	0.39362705457472085824	0.31392362285115943399	0.0051201133821010252206
0.19241293068691178725	0.2761064689265088079	0.41591509546108018647	0.0045548803028847232449
0.17971794351551673152	0.19672109407787874424	0.52132388512185312557	0.003701731764797966482
0.1939503395234331018	0.11744435235495342962	0.57890261960234801197	0.0034368202106217276767
0.19321338106490448805	0.046369276599207642775	0.65992661372512773088	0.0022599744374464801784
0.20163105780181711513	0.0076240082574375866997	0.67111186833935465579	0.0010033973312373173619
0.11430758741033442139	0.77326381881550088071	0.0033455350640704136465	0.00042342068066532009569
0.11219110076901595008	0.75178719551609329841	0.034258893167593257312	0.0016681353979733689469
0.11245530795428504423	0.6679440965984214662	0.10605087073514873897	0.0034883392330454189231
0.099196421362784281683	0.5814454197008787073	0.20272998748188145179	0.003792876699125341533
0.099125877748388879773	0.4844199364612052916	0.3289708353099675131	0.0033226193376217141862
0.1033410167332743379	0.34405456691512092959	0.44494473105729337448	0.0045177758615720072302
0.094723652399960389658	0.20665160801410942248	0.58754610331811829571	0.0028473912997359386579
0.10710433866432611527	0.12177029046619824992	0.66810253483760628779	0.0028430943316408632121
0.093674020188565854106	0.041260868244266113436	0.7795852556120840271	0.00079115560256735125051
0.12050246529460739708	0.010261070288700380182	0.77568026922367105946	0.00096471950155922964534
0.048442093004147257496	0.81613805454617338597	0.011429733069947822788	0.00083334182179408127378
0.046421472688062737078	0.77301807485080342719	0.059630983051203435841	0.0018100460175942149812
0.040904684047983974615	0.69515908396660086588	0.14355359583536669854	0.0023954376612990678497
0.0071885151386782419891	0.69307374460702653174	0.20280939603922937264	0.00096455037393013772114
0.041139360839835159567	0.57402802408114628197	0.26617712848053609598	0.0029484656567588065669
0.040934248603311851333	0.44495252508477378672	0.39497421824292733294	0.0030843900854092831665
0.042459633101040727965	0.31142251565647816047	0.53352972110731589073	0.0030062191653795161499
0.039984805563818004437	0.19586110324769023805	0.65977363193761273674	0.0022189622681310682342
0.043890949808763624063	0.10030207999538898189	0.75378188956999780945	0.0017625527181228343304
0.045467038102617540751	0.035312888832977340492	0.79193874698864752393	0.0013097413490363342403
0.050216265312818419986	0.0038823814854350713333	0.84593977287669708254	0.00040828136623952251743
0.0087209516724076063809	0.86377632908402735001	0.0092776703995274441283	0.00027163270057659641378
0.0093857622565962639527	0.80408462870136332423	0.045778651104175317743	0.00067398560544184422071
0.006456328803488120549	0.79052450953917530185	0.10634921398987727537	0.00070239018226215567398
0.0077687805705481949303	0.63952175429328916856	0.30513255535301425647	0.00076259622354553900127
0.0077377097676188943964	0.54253735644116918291	0.34692072999781609077	0.0012256973698335615463
0.0072929396560177384146	0.41074738883050671001	0.47225785179225682198	0.0011392396508076905147
0.0076862662859076280597	0.26168735693814415555	0.60568608071919571856	0.0012605549434562346792
0.007498502812016361041	0.15491966284133584786	0.71345928177718376251	0.00095317294360196713927
0.008757263198863052267	0.063329396128745329975	0.80076849601915556232	0.00086246107392102307893
0.0077451222864569624349	0.013324858492951396904	0.87941212941448831941	0.0002680804102942896134
0.95297059785246285291	0.0072491597939697439285	0.010330130282231264269	0.00013858426099847034039
0.8817523957508399679	0.010001877291616646792	0.049354719572882600753	0.00053977312767548423639
0.89949650427257865637	0.04125252309558710001	0.0081004138732341506718	0.00038228478114958499949
0.87012131347411558746	0.047161985031944367308	0.044216536643910966942	0.0007813616091742705454
0.82167048271356357692	0.007979730327907622045	0.11895168876197799446	0.00059751012131063242772
0.82148493575462977478	0.12881056395199572129	0.0094958105412128821637	0.00058440859801465712756
0.79425231552598296592	0.11199290623285901303	0.047965518634389824049	0.0014352817439720324741
0.72100678531918660497	0.11974656806045659574	0.11303075692740259528	0.0020146810429014579309
0.79087718386318162089	0.046686026274294481486	0.11771631337572373288	0.0014543554977572638494
0.63095684820648667568	0.209683875234823347	0.11603983138561387023	0.0022790672414550201125
0.73441894869992663253	0.22499532569932409465	0.0094042829433556782148	0.00067987315913885899236
0.6852903657932533088	0.21238450017045407137	0.047670502585207566448	0.0021125907834037582246
0.54114076991663384586	0.31900727472213868952	0.09940604760530850903	0.0024542252211341352916
0.5083044310151068057	0.1722362715094756247	0.26897488222253362888	0.0020274783096680391338
0.62272970008185191126	0.12894897221293216694	0.20168668663550964881	0.0026689509876333368868
0.68180649880049482014	0.056066977469076823004	0.21538727903259427543	0.0020999527777978608221
0.73013089268835540402	0.011135432500260639133	0.21224028029026137387	0.00090040084231896651452
0.62716240318792382258	0.31380541016381868769	0.007537661956680710533	0.00073268773329224516286
0.56802587591660436139	0.34423994589961398605	0.040157127334130127139	0.0020304642136136337796
0.52083629390413732629	0.24189381145454902367	0.18872410407004858168	0.003208459485000748207
0.51615189105981751361	0.11604321441337389631	0.32220343182341915078	0.0023965428939641073708
0.56584026969792722284	0.052157742903335135853	0.33303245445888152165	0.002256887736935868187
0.61945341637726047956	0.010153604961321671674	0.32052853944216580517	0.0010188362716191546459
0.49338270178682236411	0.44687060242171766644	0.0082733643943126017328	0.0010506352281951206358
0.42121492737971377718	0.49105746180123271971	0.043681008344336344495	0.0020777704464584613973
0.41821075552563968802	0.43200505398594413187	0.10500968261680229676	0.002650216110193706967
0.40228286610153252134	0.36193757261443526563	0.18798600739948168048	0.0038138274527723245097
0.4047384393909589928	0.2585118080977665822	0.28881415923907599597	0.0037218154411238239462
0.39021875146877893492	0.17112803732021170111	0.39045967942082276947	0.0032645034386007401248
0.41825065010099859997	0.085963125873093515494	0.45373149604158335979	0.0024625393567847104169
0.46345700118281940583	0.032004762533625830123	0.46025684138596334449	0.0014045357391641597258
0.50051951428500762731	0.0065997576508396993411	0.43886062543665677049	0.0007538725441793333714
0.34925071102961768865	0.5845996010698798484	0.0085693244258321643603	0.0011119262787374925659
0.29988774634962089838	0.61983803553150873533	0.042359228561615010211	0.0014319159746550456577
0.29637953844289033345	0.54643793792078776406	0.10851718237864611816	0.0029800699105269144035
0.27788046779296871058	0.47942251532783930479	0.19800823450818946792	0.0033672395236579626479
0.29217860815874707736	0.3585019606415011939	0.30470722070067546294	0.0040166337914269113415
0.28306133100256902768	0.24645691290984683697	0.42088389422640248849	0.0037241333024748621283
0.29551397309222882104	0.13773342157541401676	0.51529670927874327013	0.0029323837790819363286
0.30707189501483267424	0.069977403906202773065	0.58324359125083025113	0.0014363669990622020094
0.34357310065858881476	0.031957940061589473757	0.58209895147152102002	0.0014023675154472786761
0.37272897883254496598	0.0033791093115288495241	0.5683849827465412563	0.00058778937461848046204
0.22365265451299076727	0.72249137695174925344	0.0077263516892262283989	0.00078275417482501663969
0.2268565825347402809	0.66956233143270527108	0.046209980125973715293	0.0012952851144700651236
0.18375992051584078002	0.65792269789986224104	0.1086308580471400248	0.0025991071754565501367
0.17971422016474858374	0.58004661508726296226	0.20092245156131841033	0.0025546313040729958649
0.18604130179954792013	0.45374056836639881096	0.3170172167403514929	0.0033740248823268814693
0.18706965577438394721	0.3264862599562580181	0.43841896143003344921	0.0035903791712277822665
0.20098915842741493787	0.20067070712440937541	0.55958472982680951269	0.0030131577743117117854
0.20195423450728589021	0.10019408230926951653	0.65318794066018814881	0.0023770995283628384293
0.21319676642569618252	0.036387455231163046143	0.70493829695653043022	0.0013351008881503324474
0.24359675160499338897	0.006928910393805276513	0.69961428893986010724	0.00073802718422528003697
0.11347287232585356875	0.83218893245603020592	0.008193002379210534078	0.00060007865080630477198
0.15183362161552194092	0.76666601533142886282	0.040803378568208849286	0.0012191856041392028741
0.097714025118386449442	0.76757894769390755396	0.087626895321671935402	0.0016029250982188428341
0.097548628219684019314	0.677817138458109536	0.17730332537358292622	0.0024023931826423258057
0.10287074352707348268	0.5665563236560892113	0.28803016531753333762	0.0024378831357457207175
0.10277604971363474284	0.41650192975334493495	0.44102909628173431189	0.0030257013351270784299
0.11170682265575659908	0.26815957163439707589	0.56380808867683629426	0.0030019257878211190113
0.11725628534496812527	0.16272035740166190809	0.68045436899870215264	0.0022324071018699266113
0.11491952733008348186	0.080011986598224726919	0.75133783010212551456	0.0013509463338953963622
0.1165635247767221605	0.042998987157380819113	0.79704091378117480904	0.00084784695235171341366
0.13964300946384344826	0.008130147445072899437	0.81903310383724448052	0.00052588840673673583476
0.037882173437503885438	0.90452513347991969628	0.0058912084956241018638	0.0003098647037988758136
0.056960314072993400991	0.8580648350895232479	0.037347618438548661757	0.00098248292772660215412
0.040162317082436671534	0.79622473798912252185	0.1104101908935481019	0.0013714521256219577156
0.040927715690945776217	0.68862067598843224037	0.21559765711781311848	0.0017642491135585101035
0.041471843357437143673	0.57337661741255918635	0.33970989729187983652	0.0020073892966043943055
0.04143150215403956782	0.44331175443582160334	0.46183090456283537595	0.0018996173314956804438
0.047096952205126441093	0.32043677177841967119	0.58887052659492333806	0.0020753459422482092855
0.051157264690890102976	0.19870318548714427376	0.70692381090562506074	0.0017236449679026407192
0.049205778723648174733	0.10379384565601124102	0.80752920957927853962	0.0013418571308555131763
0.043783168280303375042	0.036467581377791380426	0.86647219336205938411	0.00080675027588196089774
0.063098278439285615526	0.0084737426584730046741	0.89815178854908594985	0.00038758942476987268263
0.0048793349956207654472	0.93805037759334630731	0.0085307398015198945829	0.00010320230923617057083
0.011660572686962744626	0.88804527699078805725	0.043919940275272531527	0.00058990363382585792127
0.0086648356296289419376	0.84459310140562771085	0.11471307585237858206	0.00045631161999449773321
0.0093226666131804858395	0.76089350646422948543	0.19620775446848409684	0.00059253037212015692049
0.0081105859694865500842	0.62192153852701514971	0.35923568063205979506	0.00038107734630975437576
0.0082736684017445938366	0.49656779519802068945	0.45571885363226188881	0.00091044955463283349945
0.0087476048924283178465	0.35322150351766767873	0.5820694229183951407	0.00097117255765056750578
0.0095899478726098053016	0.23502119688405198605	0.70692166436370007521	0.0009799141672132208325
0.0092251671035669113863	0.12800838238758360799	0.80692408525673009478	0.00077801190205720790333
0.0087817958119947858719	0.052423150074540347809	0.88965845058356729513	0.00047478298898547715342
0.013037331485867276193	0.007464295152733058103	0.93261984284804233525	0.00018454538105000737312
0.9690436044543667693	0.014673749138802988021	0.011919079421110827591	8.0468283031449462758e-05
0.92064760221277686103	0.0094299244659227857146	0.058849944569087896118	0.00027528781598514797616
0.91889086048509183158	0.061720139902881034077	0.00772610749655120322	0.00021897974935376301976
0.89233599879426628299	0.056977010892763253758	0.043793150726188077859	0.00035295948548727323294
0.83769952295569238832	0.0081107397039191231336	0.14452149333707045575	0.00031171645357196305082
0.84668987287117236651	0.13521629921860997547	0.010719178875897893491	0.00026833882636571041629
0.80639145696312253264	0.13209256646878275721	0.053144411255200731115	0.00065245392273272117319
0.77099675985134452638	0.099509641707826751444	0.12021370785063717479	0.00085775338172117306101
0.84280882392342737486	0.041919236130218209824	0.10670980677461060215	0.00047819090457393997754
0.67441843653319910601	0.19283962818002231554	0.1246265189770993792	0.0011626401178343609161
0.74983688121263725179	0.2380798944669609285	0.0092464063410631191359	0.00018681089648189277107
0.71492167953807839176	0.2230260015960679465	0.050451898982129268767	0.00096299756184360901356
0.58140642166253353462	0.31004147619094024613	0.10159376756952784304	0.0010062970099741904914
0.56776108201537200948	0.20244100829294120469	0.22038799539016312723	0.0016523106119667081444
0.67307849645627970681	0.10654260901394357886	0.2114759188043709992	0.001130116342449046787
0.7462196104237170946	0.040228325990623675645	0.2048860445065234237	0.00071928443901083456875
0.72220349514463599849	0.0063885033690214143576	0.26243267188777630317	0.00031442165235921748501
0.62201823047046045367	0.36001914974852367024	0.0074518395939425080554	0.00039356311506399954681
0.62339982549439421078	0.32863362171834309411	0.039005384705873655249	0.0007024491650801544711
0.49345521289241933705	0.31755954316579293462	0.17924852936249821567	0.0015747430223672033347
0.56289540948865124381	0.10677500798084593736	0.321346965926774919	0.0013395755839675325006
0.62991580842245853411	0.040677124743033310494	0.31970691328173012069	0.00089735099699963941436
0.58466402099033865092	0.0085084957503075431262	0.39690843016351817774	0.00045547634738233271209
0.49710330231604504814	0.48285162107154033784	0.010780708949446498809	0.00047264839023342726954
0.49545738209689799136	0.44278552796328868313	0.052611462121337500275	0.0010385506805339040325
0.42927420921542991383	0.44260532480709163794	0.11998482149432858346	0.0013034698172628002115
0.33412773566957465476	0.45192494703812979839	0.2045489513006885085	0.0017769475617998298222
0.39988005178264840467	0.3216065363213491124	0.26982164204351116732	0.0016395317135027660457
0.45557566469316401747	0.2028790478605755343	0.33209151168826300804	0.0017934732039350709427
0.42785775733886521888	0.12179187272597602476	0.44210030263492272606	0.0013183137674590734989
0.49313579639117544051	0.049525246315065052372	0.44883022033315733701	0.00099544718962616155974
0.44747177799236403928	0.0096304500061912268194	0.53286636416797461546	0.00051961009500617956654
0.38243241531621985363	0.59855401358698712144	0.0070145218409684963537	0.0003922556602796812902
0.36325129925213528459	0.58650183600898331271	0.043287696978101655731	0.00078592431226537687837
0.31609212145240395131	0.5699475791273396208	0.10410028560161160849	0.0012990323486633977273
0.23343023788881211988	0.5878012153381155791	0.17192955932592796087	0.00095209688810076647039
0.26664462389009824239	0.40055077583346204717	0.3249455391460276954	0.0014474729344787493675
0.32175820231490237511	0.27770214472602050559	0.39105500050322672401	0.0015822142199899097252
0.31941259508888608654	0.19572961984973646921	0.47505238556609064027	0.0014811065825363919999
0.30412736430028763923	0.11834324234908688567	0.5675039811955524538	0.0012461427582373769615
0.35740061048513049879	0.052801943931360728612	0.5833298249368695787	0.00082761557904608828301
0.31582019561551644138	0.010283254312834611	0.66362629594888900009	0.00051119983996648042657
0.26750768052798723495	0.71290076236111754593	0.010699734171071215161	0.00043290652388231469104
0.21920578770819454384	0.71785480994221217976	0.054336391801405183044	0.0009691658415620633309
0.1975083717561482155	0.67250906555680800558	0.11897807725936521139	0.00091467999514689810221
0.20388232145299622911	0.52209299002528231082	0.26557980777757761448	0.0012834940878327576012
0.15119979540801253837	0.4638084666245334553	0.37624383770893299328	0.0012186791580835968501
0.20474274934425085171	0.33568257785582950037	0.4497031789291206505	0.0016810104719302632406
0.20565001100375057685	0.22985904432456838453	0.55780812977732940894	0.0012043367775366271757
0.20347313818971690669	0.12958609324776859673	0.65958689893719368857	0.0010271026914263905409
0.22677293616113580743	0.050795771337776685073	0.71336582569566964196	0.00095554019636792295565
0.20095523764650091714	0.0088012765006868498574	0.78290335151636780697	0.00029119446842181169206
0.15521825215102114104	0.82593297310710400705	0.010260640396459441356	0.0003657896379448777411
0.10912872053588040799	0.82868270481258166082	0.053793461574101017475	0.00071478071641833539236
0.11974626487727657587	0.74052818209684345696	0.13094378856341123973	0.00098995598033053641175
0.1200495899650660947	0.63856037928826436811	0.23394488101191907026	0.0011715657366432920012
0.090883087068969747868	0.54391334943253544232	0.35568034133960485521	0.0010792961990068732515
0.10866138485826437599	0.39192947365481872746	0.49588134889956708706	0.00063218683034562523325
0.11417857786256169206	0.30258794871734073784	0.5686480924277301785	0.0015794717484934525913
0.10994435709303629345	0.20652520954246156304	0.67678448164678450816	0.00099321999514008518263
0.12206982661737353357	0.10219078471148468346	0.76579835018784736533	0.00095301020817830674452
0.12426974823161696104	0.04108276419828338355	0.82517974739389610139	0.00058829162950812976911
0.097167237540129347551	0.0080237483147072019563	0.89324789267495530165	0.00010808860295124998979
0.064872548572809884959	0.91532774757548773792	0.010384844888031437293	0.00027958434562663536964
0.037886133696748869326	0.89597692479563584289	0.056413631363292006393	0.00048201064104907726665
0.050887639067905721113	0.80656738552046314261	0.13201398102323599892	0.00080587326368761528182
0.048526680404034738814	0.70635682685728051755	0.23450197975834538577	0.0010174279277043482388
0.039643864815500973187	0.59735884054850896252	0.35553736659314916224	0.00063940593545334717049
0.046842529529380394493	0.45863150279767794792	0.48379334237909410454	0.0011298648082875856896
0.046717052268594683184	0.32833299693603246183	0.61776147212804266573	0.00073470670992341194968
0.042023626155419546713	0.22212212853264023948	0.72638783356753788834	0.00070131713219329224959
0.053350466719194855614	0.12565258628734699009	0.81483062776820058826	0.00053672724996886925219
0.050956292795622526448	0.048848564652689163701	0.89022100405111526111	0.00050577541810108627915
0.029063461427883074961	0.0098700470961499142675	0.9548810349924437002	0.00010749489273824844944
0.012704546565732721675	0.96587337130951134156	0.011454648401608771846	0.00014167198098264549046
0.0050175536916550189659	0.92706594348304660613	0.057377459487907282731	0.00015246250823938462416
0.010344078410277735003	0.84669920367157558427	0.14017720799939550891	0.00017297004303070350438
0.0088628758057782697222	0.73680628583786855756	0.2472322037320309196	0.00028299572789058832214
0.0089837930660521259085	0.50242234725007961504	0.48348382739260187257	0.00026667244902571100645
0.0093770391025298494014	0.37541544029224116485	0.60332995822413892917	0.00053597121225021858958
0.0075103625308223787016	0.25422871814597935991	0.72988092591447795154	0.00031444899289624140323
0.010010149461899930934	0.14412310734754329999	0.83466329712320685985	0.00041311272324397792927
0.010168699381575718732	0.063720317335168696893	0.91711922573501170053	0.00024267462897025946205
0.0052577180517882071697	0.013984016357194151148	0.96861153052111204076	8.1827378478636561684e-05
