0.011671815392852672583	0.0091315045266025934856	0.0065288070585704750456	6.9715909719742861074e-05
0.0050644808635831872756	0.0095954898761161644405	0.034913511862660159824	9.1950768910991910162e-05
0.007724509577407639993	0.047906774790747591597	0.009689558066771814665	0.00016209473843497302346
0.057027490903032995728	0.0089541962087355039118	0.0078423932273749951544	0.00016551729303297945404
0.042260653102504500134	0.045505854150633823219	0.0074657112778831642708	0.00026972320252040987189
0.036576943193522205855	0.0046591085751263028314	0.039732632919024533924	0.0001862866746047964206
0.034631722196845626804	0.033850088785736261177	0.040638826925752595531	0.0005654568365125333838
0.040044844318796846139	0.012311735445409616174	0.10033015394920069552	0.00036292457494349736249
0.041982883951385732701	0.1022441829154815407	0.0076352214239006977251	0.00035138701457447356086
0.0082671508511655555917	0.11770475057745384551	0.0052173415478137105325	0.00014792674620855582237
0.0083792067324699737174	0.10428946518564222168	0.032515129906768434898	0.00037210317173465344651
0.0061931766134980109628	0.046591514716039374167	0.055430717191180235714	0.00030405811037414619182
0.0095018398717194307856	0.0081996495556487108969	0.093148572733966275572	0.0002206549033639990348
0.13440320928365082076	0.0059200095330906137014	0.0067813228197221818438	0.00015848693967059711133
0.10176880592557230321	0.037971933545510178076	0.0099154378727731307119	0.00044300012693049425298
0.089986307630048806283	0.037891919823812174328	0.050717374090757390281	0.00093836066792731659923
0.10365884999942867606	0.0080290884050275082573	0.03864715233888080248	0.0004330491658920753795
0.074656402039744718113	0.005233086961922289726	0.094632578470724482145	0.00035936074641544337111
0.10445806687223213594	0.092293731741145232372	0.0011736000428488795131	0.00024953112712603858466
0.10109912767795917188	0.087148459860905372332	0.027249343807564895686	0.0010912100084155015953
0.04848670138258875939	0.042897269811730462385	0.10921673654597081893	0.0010628444152643010991
0.045855134432339211825	0.17532487480325234519	0.0084183956197931512216	0.0005559854190814175149
0.030380056379379793974	0.085989664421062830812	0.081287737624203895703	0.00085136739249969681578
0.0087954406448718103206	0.043645768324444805808	0.12708362811714418728	0.00058389649996454587311
0.044043984564214766486	0.095689957641352491047	0.03670148123988725003	0.00080548149964696847455
0.028954494668041147465	0.0068533752577137896367	0.17821570882875756303	0.00044603132715956804455
0.0085550534725411242487	0.20708803618695398319	0.0067609602656786829331	0.00022750986360285787918
0.0088752442479000381859	0.18374824278007545475	0.036596070597386370915	0.0005344206150579634048
0.0056013692604386655649	0.11712160285170593321	0.091794655622084483926	0.00055988478278256128585
0.0025098845268431702049	0.0081691771338170127148	0.18031711977535327951	0.00012681452464763896815
0.23828618831740353001	0.005378098113794688509	0.0086178185324942355172	0.00021602532619728891279
0.19108012636107260529	0.0091024091500758672058	0.041104531770714297645	0.00063387271341687749949
0.17754414938921878053	0.032997830720301296603	0.0080027552284282123946	0.00044003544965914279021
0.19125940531854457305	0.089888341616570457959	0.0085938705159119780502	0.00092148093066195832599
0.1802351772975431532	0.046056817158146433344	0.042498684886603195487	0.0014571277930453215878
0.16809479976933069945	0.11313757795117479477	0.043512096650254877828	0.0017548349513364872726
0.15377841181770540713	0.0058249232527622235578	0.099555625768229696892	0.00061759465767653319752
0.088719506343884452226	0.098535558227263717046	0.08679458729782484061	0.0021910143566979821579
0.12290754260625169625	0.03259490206363338527	0.10338502894960674428	0.0013662102473876406184
0.090683502725001280398	0.0087264239639630591938	0.17536032786405117423	0.00088820133167257495944
0.10944750028049912705	0.16210552975964437339	0.0091900536409148247952	0.00083388902444450716672
0.090578023605785928929	0.19251213798689686962	0.085514207286580393164	0.0021263910477957274903
0.11605222114144531087	0.088250899287397432946	0.1707340773232438047	0.0023264056930852265032
0.083544683537323999323	0.043066598635640690462	0.17275079199423831744	0.0013847351268972277541
0.10118634372813714584	0.16743928064751617546	0.03882013636593735495	0.0013813172821108702162
0.05185528558790575282	0.006709315603130816541	0.2737027259592708095	0.00060632311833440583407
0.04258821640304755185	0.26458639437098196989	0.0097311933131508862593	0.00067047140321312755779
0.043322913379524874422	0.17664280227202749929	0.045988020680280947139	0.0013375993190524895857
0.044902725541596910652	0.095318980682085774347	0.16478760373788503557	0.0018430728241950254491
0.033363756047539466776	0.036871647224048786917	0.20697805444128272723	0.0010890606245290283035
0.0082712602103027221823	0.31058360803697848684	0.0076761056778552050339	0.00026159876618208276981
0.0070006432916935312782	0.28305236891179907932	0.038539413737742604649	0.00049346903004050118868
0.0074633462649056903082	0.21285830002315070386	0.093121498371116703807	0.00081856875382299901754
0.034775283938789813831	0.15675221054220300765	0.10761306356042510401	0.0016187021184722930316
0.0088191854847503026171	0.096829685354598626912	0.17521457631206577288	0.00087105502953976280799
0.0060094343377631864733	0.037294876912900454258	0.23069204280708133226	0.00043530640674058776679
0.0099912391143842649299	0.0068110092883492123761	0.2924151995766741674	0.00033039830452939424532
0.35867133118548599757	0.0069680083473017111889	0.0081583859629828173882	0.00028234778109468514637
0.27450586619646655251	0.033808719384108856798	0.0068714020118572465001	0.00049410516748836941919
0.30032258885563506423	0.0098359091516259933297	0.042403244386428652624	0.00078427672886828645599
0.29795350202586357025	0.091413840395384332593	0.007284779377012482772	0.0008939825163863039225
0.22608994812355820425	0.027066411361667208624	0.1014016794932543486	0.0016991457555964447831
0.26353897182619223649	0.0036994032337700488711	0.095178562889918341683	0.00048859306408396984984
0.19626272909157801982	0.17667188035495148823	0.0079484871575461364668	0.0012081973173123825797
0.2896098306009400325	0.047731124283375961359	0.035795107768161318895	0.0015436269086423670596
0.15454098874618188431	0.073426913085964162775	0.097374096041513980015	0.0014673534811212190533
0.25732561254252789285	0.12065147786415611475	0.038882551037099775948	0.0021869770491827027203
0.19667743712831681213	0.090699228630224559833	0.13218149328768491468	0.0021670551479088780503
0.1841722528642968093	0.005398690139729184212	0.18015617128824029658	0.00084373927848955599437
0.17207788257107953234	0.29980588728957113798	0.0085680794265821594996	0.0012427211470202453869
0.16481163435287038421	0.15453158070806519153	0.092014252414440861338	0.0028484497294815748318
0.16857715671739861851	0.034765636606302691147	0.18505764278877595563	0.0023226344775021056342
0.1772782000679342107	0.2117174374512211521	0.039223601131178981172	0.0024343099107770956209
0.091710096405288488164	0.15845870926321753425	0.15310046666222237866	0.0028336057841902842144
0.11826142507470904786	0.0081518628829527761681	0.26715302550348463129	0.00093656394483838142744
0.10714997332453024548	0.25538743007110525918	0.0018099899423874125926	0.00044654203179035861608
0.09917430479608985161	0.26584980392615742417	0.027168967041023409092	0.0018454491896458817719
0.093999377373605863539	0.28065279594715841771	0.083298686088895346202	0.0025557460109941984062
0.077541501781029253948	0.10244484161371963937	0.24832333459624028604	0.0021232636307461603964
0.090199161979787279009	0.041976689688643598064	0.26738689731935305627	0.0020334283414880404209
0.038141952947851776035	0.28154347850120486907	0.048189881327561107094	0.0016068423152623160718
0.046995488779383698397	0.36140801229102215153	0.007048976436755533849	0.00056591510488563192324
0.038970161667098712766	0.25628477431309276691	0.1135387156694638161	0.0020145318805045876048
0.031901598804946418309	0.074612279650040025381	0.28293796102120594149	0.0014639626077243828289
0.040061621108861134033	0.029426342141440742228	0.32003120967986908862	0.00099284100418874782212
0.010288175247801401024	0.40755827951139073084	0.007199323054254758332	0.00025229149213844514988
0.0068782434471951203747	0.38514486647805201702	0.043002471868029946978	0.00056080014764168118618
0.0074302984902427926528	0.31645319777931985028	0.1020765987620700227	0.00093239001221372705495
0.039505805017032824544	0.19735742019341395714	0.18306174440723227415	0.0019840080418006928939
0.0066970769422126097403	0.17980192358984156686	0.17767787765253675869	0.00099073275853293874503
0.032413312152121065424	0.13704774756475529562	0.23905592793146818176	0.0014911255606859024833
0.0050738009307167430961	0.087250612813709604865	0.27586622097787666386	0.00056755809522890149528
0.0072892037244021712361	0.035350610943634286354	0.35049672521913671774	0.00058509832114760225961
0.0075293915549088374917	0.0065276613013701134669	0.42481543121875903202	0.00027344057290874882729
0.49346002950529366249	0.0079971982692169374385	0.0066925851402473025137	0.00029257284470652971612
0.42079494415835727583	0.0053043586409423360006	0.036270224141739158819	0.00040047297948530153873
0.39614530184327162443	0.038267798717198341085	0.0067297616547243250054	0.00059133611368337242638
0.4209767366668147881	0.031756146497236466264	0.036476692940160905521	0.0012409921067268957738
0.42208441123608791967	0.092619311080609237341	0.0062087383833586634943	0.000782048278534456273
0.34096202882603882101	0.034437783046006961718	0.090272923085293138579	0.0018937817152886197644
0.39336493062336891358	0.006861112153831464	0.088098475680879181904	0.00083259396363122111211
0.38735342324458382768	0.084539998511571179396	0.035203480149927038334	0.0018854184471711206948
0.3087103207364882973	0.16755733788399002071	0.0066512106179981746179	0.0010089278859074675681
0.33318593829337622703	0.15444766040385901618	0.033105313222679705332	0.0013776663084928883994
0.24652832540764851865	0.073960821851214803013	0.082477631135155798914	0.0018140311590839524117
0.27086075807940218629	0.040958557495191005859	0.16925702073114401447	0.0022637831573415981984
0.30160289374174220622	0.0075776392504936229688	0.15635270574744924987	0.0010295019354847792081
0.25428237024785871334	0.25831141321871176064	0.0067330381501970850214	0.00088057684948584960365
0.26368631874672382454	0.16177858297636682483	0.091652187693790174161	0.0038896299949818945348
0.26973468167556441388	0.095911266691634050607	0.15764931291434677862	0.0031327645500733060369
0.24528726120621863194	0.044062039000764247065	0.24786471813534075026	0.001909931857102294215
0.26644270920234014444	0.22743467158017804941	0.038112495128114876053	0.00264081018625748681
0.17048325506780759309	0.17197687637213027179	0.16668239789110989024	0.0042901663352847892868
0.17269317059921895918	0.093533142457688955851	0.22755380123649621149	0.0037163772356935591626
0.25538467422340299651	0.0096585650475213280508	0.23691090784175572459	0.001064870989134811697
0.16543586779984836843	0.33378319132591982576	0.04222744235672389046	0.0028089938572049694132
0.17014678158796814333	0.25406243788764609759	0.093323937587331665111	0.0037214379966315977444
0.16232879162034630216	0.038440555220091099375	0.2969146394176863657	0.0024089617382174110735
0.19234877109085196656	0.0068814128190524126438	0.29938063185090396656	0.00096087611239661159697
0.086284561804688575393	0.37336009153523008752	0.042328918921907737749	0.0018872547080288262084
0.096149725873107327878	0.37903300928014593829	0.10670505912681226002	0.0034715518607620048791
0.096852706672582333791	0.258058598031775277	0.16451584270436814261	0.004007983108663303734
0.096412469047116089449	0.17247955523353303287	0.24892637545805945676	0.0037188494923314037097
0.10875224440368363998	0.092306501545508734541	0.3222358693693020415	0.0029252822550292077904
0.086109814847665444582	0.035833126538673765182	0.39491319200960861568	0.0020515591246181288584
0.10315445209826884509	0.0071079430841142765551	0.37327209787815407438	0.00085151987514314676948
0.097603255113046738511	0.38766816382312624389	0.0078974467201414731699	0.00099052391579971784188
0.048072737899160777886	0.082549529460624548882	0.37903608353173956491	0.0019583230070597890463
0.034681770015987989364	0.49161074379401581425	0.0030178663650001933891	0.00034983429895256711343
0.035063580812102868034	0.40288532440849589289	0.031857689746929492014	0.0011119650368947068229
0.038470811681974803609	0.37935064698254605808	0.088780301869087738242	0.0021334701386150570906
0.041456615200509638886	0.32542911315165595765	0.16975262306248750654	0.0026709512611730159073
0.041224808981735805435	0.23346549155472218207	0.25260327408358290713	0.0024326780819471016323
0.040229208570441377102	0.15254524982917566645	0.33861692239795093684	0.0026259356806535814888
0.0303349642082025861	0.035924647886206639846	0.43493429000452332733	0.0010918268089272209487
0.043014076507941978456	0.0058206132544985078603	0.39430635436264283022	0.0005459152516143755008
0.003666993784576577653	0.48775183006067190927	0.01083115363687034427	0.00018190540226307945525
0.0075587828603770335079	0.50053344273963840116	0.046702803138623225077	0.00060315977978399055569
0.0074592816328108435542	0.43321836217576970007	0.098090233669309342956	0.00082381211333366552441
0.0081031547726804209475	0.280944295891353224	0.18424075262998795832	0.0012388890948985484004
0.0079781016835511753271	0.24119054403732081981	0.28101720995305484729	0.0011715333329172998404
0.0070742989721408466863	0.15574855863807718359	0.29028082956197270859	0.0010013154153871420184
0.0088893780611219996857	0.088511307756066914809	0.39731865297174545626	0.0011295123513236119631
0.0034313652382751413938	0.035687936380673301873	0.48842894839777500904	0.00039173025040619335792
0.0065047044192204639401	0.0064007615938114215126	0.56837616897149145778	0.00023081796074329689883
0.53958427614595327881	0.0057136566490836454557	0.038353926924762492268	0.00050214451107475374745
0.5316245943547479591	0.041825115352322222995	0.0078385290726121839566	0.00073849393398004348384
0.53841881955441850405	0.033192520643227890753	0.03877928837820728003	0.001074174138280308867
0.54102415988749719133	0.098943901907267706175	0.0058625441549708112721	0.00065426889913324426298
0.50144486684731393034	0.091637727955135486746	0.035568396516019132325	0.002136465375351362557
0.46386237371614102987	0.044268730447112256132	0.086388134537053726247	0.0022522163503186621268
0.51045666670461342651	0.0089811475429504156187	0.093585997344279719945	0.0010240464044192598269
0.4276062469181474146	0.16522746843918723059	0.0084688292161077868142	0.0012416994636299531936
0.33861308649367083401	0.089206850986836436213	0.087138355792541685729	0.0025495514812419314485
0.41889043274900339409	0.0075654333342377866334	0.16166440474263940597	0.0010861633973883800305
0.3948482624617331016	0.16797253033890022222	0.04608902456826536459	0.002394241235545427858
0.367684765323454954	0.09351072930574505504	0.17031505064843105446	0.0037033753944279452358
0.38012798182071294573	0.039055593796608500945	0.15773298880128513999	0.0023162296891114935067
0.3516889019648534731	0.25855266057803150126	0.007827280209769435157	0.0012852471435503204974
0.37020730856397648934	0.26129487211660440416	0.039694891474434328138	0.0029540582447787032405
0.35783321578885751713	0.1821558850787097783	0.099927934103484716832	0.003488501214978029924
0.252942621778657728	0.22548266663055660519	0.13662640690474764371	0.0028860861959966520145
0.34746757794833432742	0.038082132438264082452	0.25047895507491096945	0.0027438133710323215145
0.3469347372799337359	0.0068608166167536122071	0.24484752633561171486	0.0010359729994229901345
0.25304105005203558765	0.36748674712775519779	0.0023750053496155425908	0.00058702606183918518059
0.2564259183971848155	0.34103799105584470253	0.026146278879413255986	0.0023299739823318512191
0.26475905320405218601	0.28176618491200955408	0.079010591828442874873	0.003904446095166830364
0.26819504439464919576	0.1592468176766247967	0.18734484866235590061	0.0043124245930070579866
0.26330575348576440442	0.091670755038376072754	0.26491181415278369782	0.0039926660665942454928
0.25097468522961158266	0.036425935065484249531	0.33470929650835301583	0.002092032626911057968
0.27355117547745760875	0.0071193024980023555948	0.3495972792699678644	0.001262399375458174303
0.1640958319526841791	0.4294014666537131486	0.0080118221569170679219	0.0012409311664022641686
0.16637520925213344913	0.44680535564614848321	0.038592161687418344296	0.0020930975268194252498
0.17294334445474673911	0.37716723751328118386	0.093738507415877705964	0.00397735531736787256
0.17197737910417187912	0.28500598774769964061	0.1654643190642681172	0.0046718623909610852707
0.17163970646883269788	0.2144078853929471673	0.24885165336065381836	0.0037668702990945593032
0.17677582365713173651	0.15371879965109785937	0.26929779483558685671	0.0028768618001963263894
0.17785903816950709988	0.10290959537874838636	0.34715475750842755831	0.0036934805388950291485
0.16391638721272400181	0.046706788369801077732	0.39712292134714688441	0.002515066483043718569
0.16862181872267811844	0.0086811797358397058133	0.41797987333834296653	0.0013812929402616646452
0.095775515560386770275	0.27391751827244581463	0.2624978386693340715	0.0043630795340150125075
0.11734740202464832848	0.036320328966584769503	0.49373550453149583905	0.0015031455984852912754
0.084089983925166866818	0.51229166888825994342	0.0085054026713804915805	0.00092385888087800644569
0.093207564685960142548	0.47389392693602017115	0.042878026862166379596	0.0020899099417067022386
0.094737615029824806534	0.50137948672012888629	0.093212497698977547778	0.002717346683526866008
0.09650059353237039339	0.37443169411898474808	0.18658648478578127028	0.0040297334413348520968
0.097676390064823204185	0.17370656649834786966	0.35646371687816008622	0.0041670237979456754146
0.093134321445991430366	0.096204690886366350799	0.43979064937030648563	0.0032307267396214779491
0.065248566484784609187	0.04078260656309717902	0.52794506758704862204	0.0016731602339072094987
0.08097883035322817058	0.0067488558406478826868	0.50104884732105559042	0.00084653315751082199286
0.036420700781078618746	0.51267669760560685699	0.026439513453464024567	0.0010420431080396988077
0.039750545235448742076	0.50094716566052133189	0.07922441345760233844	0.0020499578444329430958
0.0394440834027083298	0.44681599250093506637	0.15752443527213702557	0.0026875352767490056673
0.037919542271770745323	0.33750639002423965529	0.25410223269427389958	0.0022747930023594609313
0.040437122249794676954	0.25107790361069109997	0.34455715026647798505	0.0025596668476044305909
0.041029845771714756886	0.17747450780457602049	0.43992864286690264164	0.0023461746474417416279
0.035574534463797546913	0.10215082989627660703	0.48499140212284502782	0.0019625097693267571156
0.024626058803707273626	0.04792267958625007207	0.53484009123176956546	0.00094405449777159818926
0.03105734989114761202	0.0090631073060828404309	0.5145121673217974978	0.00054692628167322455447
0.0093113415122353382358	0.59388517671939666798	0.0081191066000060631291	0.00034560418702909967946
0.0072368347611320160695	0.60519976759392435373	0.045691215487302684617	0.00060785767197770509268
0.0074923690524913988398	0.54339012445458756417	0.11396364237568706868	0.0010971133533205733573
0.0076853622944459409894	0.40107825076611491877	0.17138626437086523779	0.001178719501505246783
0.007245927248371031304	0.35016915935838571761	0.26700437034236806921	0.0012212541830453485861
0.0077640740666856666863	0.26370399640184150059	0.37470825431638365988	0.0011939408514262158777
0.007837939197099630384	0.16763936954440861182	0.40745221521929109176	0.0012625256978960044604
0.0055750308420363658968	0.095795186681295607656	0.52382716197344425524	0.00079513876931320659307
0.0080332749290690230737	0.0070142803513482121502	0.69769096648778183845	0.00026923901275856384693
0.62744926392909383672	0.0083790925715418896474	0.0080625609341702497018	0.00034326491770871904712
0.65740806177620947359	0.0088394475655295540184	0.045021495750175680173	0.00080908136584832094501
0.66317919447951989564	0.04358846273829626583	0.0077689734987845164918	0.00074612979470426051259
0.62281486342904246456	0.046831458350420893111	0.041081110034706103118	0.0013412913077782083991
0.60546553569163796826	0.11369396231620304549	0.0088682611780257283862	0.00083568169182377113283
0.51994998713044782157	0.096142544058963858022	0.090916978632665873539	0.0027559015043852747029
0.58832451027792775911	0.039527987334110836759	0.09841656011848043395	0.0021244308056130702458
0.60150231313731405969	0.0066801696152547079821	0.11094393846680700166	0.00080602962548047296133
0.50788169080936640398	0.20010056328307057605	0.0076216081080807398726	0.001194408597282614528
0.41814431516730588001	0.10604587058842682157	0.093773351252864345362	0.0025950180876048306589
0.48657136567381953363	0.040870057726406033849	0.15995895324044778762	0.0023127107141498507402
0.5070293284322638927	0.008097062753017081338	0.19170475627634289695	0.0012648895873066930227
0.41834757946513007054	0.30222760906953249904	0.0072437690519827008587	0.0011682924997938771029
0.49980810267108732869	0.16843061257082936333	0.039157213346478043914	0.00233546832616170685
0.48111378329410020571	0.17855828909551479944	0.094777703186706863114	0.0040638245810908765407
0.47302701249595024979	0.099117978803897915929	0.16761624732210980704	0.0035215543736274944851
0.45383184699914480564	0.042837597599236248991	0.23979975917211157621	0.0023540101844758591979
0.41555863542524013043	0.0081425090512908249174	0.28814280134821990131	0.0013108623195706007626
0.48344082036031327254	0.25170255883927289409	0.039577717751070669305	0.0023407361069629557988
0.36860311580202792525	0.27125775843363342243	0.09827065146319441391	0.0044273064009151966505
0.37484570586141668924	0.16718502804252893812	0.14597043064782133648	0.0016826883329640394786
0.36324813497855229505	0.098097483701874377271	0.26446859492817320625	0.0044392321691238221387
0.36082407721699255587	0.041054857011877721185	0.34261552703351300098	0.0028239558152037763997
0.33917479536874994839	0.0078709706375734156403	0.39793907423833602133	0.0012427472348997721519
0.31877146090106922571	0.4003843123882092625	0.008593944251596522324	0.0013977673129237225876
0.38063427956018991427	0.34931391913242665348	0.040992493106986750695	0.0026943247266164910454
0.26119280154870716526	0.36735094110202026751	0.10583423532783721444	0.0041222164468843296159
0.27302954458112799196	0.26945294830534260999	0.17792030880717160657	0.0055457695245759233704
0.26933893038809875176	0.17915089221059621316	0.27189128312516119834	0.0056275318217407395427
0.26296268335457206877	0.100161860072124409	0.36908857563352620579	0.004314010230221054093
0.25775367607345733845	0.042897789491857185595	0.40906727870145465076	0.002461869743191231856
0.21486256227487310344	0.50381029655177711479	0.0095594911303732814367	0.0014941179629910047479
0.27137333520814788113	0.40406652450780938812	0.046415972629057229704	0.0029599296427127615161
0.17463624500201690992	0.38392402943292341932	0.1784104309895269691	0.0049609744289051248972
0.18014506537719576773	0.28673458222076292357	0.26984720476639184605	0.0054354702072434103385
0.17374395433850609027	0.18215823763168625948	0.37038665341983056933	0.0052013868060547746933
0.17870938015620108086	0.041945623914961371881	0.50852227499895941154	0.0024280025005349722619
0.22906192326013802285	0.0083908996897402166049	0.48384255881595683579	0.0013892775703629222164
0.12729336293260296031	0.57341067851384408538	0.0063505893569955583489	0.00088469467672135397238
0.18334825032294821412	0.5083801848067501794	0.048418543599107848052	0.0021758041441663697468
0.16259838439737006599	0.48294344438529435148	0.10650468349848851712	0.0032624169224768433638
0.16352003547770233016	0.10068007899529612947	0.46468976644921750063	0.0038196266969561976264
0.13561661803295566031	0.007052295532345542739	0.548983313432310438	0.00091821640982295933339
0.10267968645409875084	0.58948244430381291359	0.035218090859632240897	0.0020359448761475009392
0.081587588056865278929	0.61754746411287964047	0.079453786906354267883	0.0017661632422059673694
0.091236583177962460312	0.4916202859422273419	0.15330326126250787278	0.0024096800204065384199
0.099370178608108261642	0.3694351509727380467	0.28379290972311799202	0.0039265528766019019979
0.099281333237051572205	0.26571132700152366724	0.3691561491647439297	0.0043162979611092236465
0.093570687148352593709	0.17052702602564301371	0.47607990387523629883	0.0037271114982860365297
0.089667608898857387167	0.089736592581173169059	0.55856833535845340499	0.002639605762861440847
0.10379379112185038725	0.036401543096023059043	0.6155301411968098213	0.0018100580106899801739
0.081397507936363688863	0.0077622952465535854927	0.64198944546446101711	0.00070780496828568636048
0.045856810884598475653	0.63519543574672832076	0.005566468306749175303	0.00059671148697692871169
0.041791468751703697571	0.6172006879574407634	0.035167706722117948737	0.0013274877346010629468
0.039955920795004207235	0.54112941550286819403	0.17332649209688208436	0.0023787962503654478535
0.041981818794840641829	0.41414836354162454235	0.26638577055825840567	0.0029383279974325307929
0.041165940323818372981	0.31486160894124753939	0.38238448863800006405	0.0028715312960604956471
0.039803701122405166224	0.21957552875071928433	0.49412663061121797625	0.0022668190268999555657
0.038268243398165702196	0.11513050886283437979	0.58114337148841721525	0.002113431854571599499
0.039289279412264233038	0.046391117482578181352	0.64647716691777379339	0.0015732265338882511514
0.038330455441601296585	0.0089629447385295435424	0.62473710538159621386	0.0006695240743021723881
0.0079211533028564762304	0.70772784909074826221	0.010157442072507318759	0.00034866833782688967528
0.008047714485280854646	0.69551165867007702648	0.054792430777914354068	0.00069333500667344641084
0.036322569515505165327	0.60888171389008549639	0.09340963804791414804	0.0018728435871023523147
0.0079069949416370466366	0.49139422234810159473	0.21307046902170623248	0.0014692648591600101365
0.0081019257446053316585	0.39513338071704878773	0.33484074289264070812	0.001426765338517162196
0.0076687402031216933551	0.28819990842567316802	0.44838347785126680956	0.0011767749813368577009
0.0079708166552414638772	0.17983220168574121089	0.52078393033716807725	0.0013187521718720036836
0.0079386162298116236258	0.093935442116309664229	0.63962578218765264726	0.00094171990714651560711
0.0073125752344173067243	0.036188970458366997995	0.62200331585014501101	0.00059012542826181125979
0.74816251170302561224	0.0078604599005594310429	0.0090362359948037516283	0.00031306111821917913252
0.76572640878227948846	0.0076431044039782861099	0.045480653637116320864	0.00054737826685378489482
0.78896547285242490943	0.034509161351212430668	0.0071700165918966397502	0.00047151167002452921886
0.72853636568443969068	0.041493895011881241908	0.038575954193403212689	0.001249388000333617613
0.69892425326229246085	0.0085710658858007687799	0.10572610084541542164	0.00087854891605546752992
0.71490456963863613371	0.091913714814125205277	0.0074617644342097021182	0.00080930444493800208008
0.61719638900550499727	0.10442590977004048702	0.04071819997980419964	0.0020361260713524851999
0.61751117166118274504	0.10380792193766737175	0.094746254491642381557	0.0027960905309419958713
0.68967875432497649513	0.043675516839254080459	0.094549746462023798177	0.0017654025438109737997
0.62180296756262221081	0.18309424743043820061	0.0061397152962093812581	0.0008859400941730070575
0.60776608923697317266	0.18208061031674671604	0.036352311845534161783	0.0022897654999748809704
0.57975080713144477862	0.1857503220388094789	0.090820494213924296556	0.0030873985327555990635
0.57073377963086280307	0.082066065988878666992	0.16598539522993929762	0.0024827072922986694395
0.59486817137333081185	0.033048478596821917463	0.17945063500090094322	0.0022146697754446388953
0.60761839376185888817	0.0054861222840669188194	0.19824326888988513806	0.00083229825266189637507
0.51863333461203109387	0.29394665080452192507	0.0082070078040273365672	0.0012689268409562300816
0.51832921688903910162	0.29819534917564521903	0.04169143733032594501	0.0019488561582017165964
0.46392870451717399538	0.27944153627943701945	0.095273309221133584135	0.0037324301220667491924
0.49420750824964232439	0.1676448496308268199	0.16908540156090179352	0.0044504264121295097206
0.47162638999358091896	0.09253573719571678291	0.26162413676311369048	0.0038725835767447415632
0.50534328519418569847	0.03419215133085390379	0.2808887135438861149	0.001945202839136012888
0.50078747277868607135	0.00677211562292134861	0.30487064919304823762	0.0011219378846512471568
0.40727888546751572774	0.41448482669199510076	0.0081851422788997672819	0.0013524774206620092821
0.41048257968563617304	0.40280458408889874278	0.042287132829686768787	0.0021003055007574626331
0.37741859191587601163	0.1765839764811471535	0.18694485907513619383	0.0042845233596996608327
0.50868017067012427646	0.12626064528398517339	0.26708991859471281627	0.0025628384363653401376
0.41737947930906260652	0.041409091121303365224	0.38191929605046953666	0.0024513269346683255745
0.34441106967816309536	0.38738644051946258262	0.097220719468419675158	0.0040476447675724972972
0.38122117687400036701	0.26581996125808354803	0.17183128426835708735	0.004912172010999105512
0.27920449617020193234	0.26925089696559034724	0.2704331050590998986	0.0057340928627212985752
0.39525668306664968332	0.24019115615942299158	0.24489352190417151833	0.0022578187976436104277
0.37967020343998225673	0.16880369487836194287	0.27396902303938291956	0.0048620703343702472224
0.35743314378945595378	0.096014819564987863298	0.37265368025910639016	0.0040302843866673243242
0.39952779111543701429	0.0081675043533825930631	0.42737759877193287616	0.0012017286548098094542
0.29132779043284551257	0.52192035511736278863	0.0059937549264016988515	0.00090079707840752293486
0.28896326826223550643	0.49599005394112005707	0.037071194278251035081	0.0028111828685152182548
0.23707621287880165095	0.49091852759440107734	0.095548041494054533618	0.0036360178726472444644
0.26780365971399489045	0.37359675905944950136	0.17994181199051256792	0.0050603841260403554722
0.26732494239493131971	0.17468134427608689174	0.3767414403197671402	0.0050894680298389271059
0.2418966476008651556	0.094005030376827891647	0.48684555643276955506	0.0037974274002285281909
0.29273400648699388071	0.038622880979845841676	0.48272515688411693491	0.0027934302273645715727
0.28041952576724993307	0.0066125991209013967875	0.53989950488499016679	0.0010451967794138994957
0.18130403919843218752	0.63563309335821505108	0.0073115454462360568097	0.0010742343989920788254
0.17795205778037315181	0.6025805091471589936	0.038218120172147873603	0.0021889766749264064592
0.13328151288302070299	0.5996105924780769092	0.091900622829929737301	0.0021574253760456279377
0.17505662921850417835	0.49337997149793955121	0.17469732337062085503	0.0043310181680553620082
0.17718694853351613094	0.38512207412912330406	0.27259695876139661275	0.0050007427282462288062
0.17913971249828908316	0.26909403167394330136	0.37629084401782786351	0.0050906445752767481849
0.16864210352153063965	0.16880121572944101205	0.48824658298298501125	0.0044069469511305589884
0.14867195341181382862	0.087011695186915760658	0.59303575684927822831	0.0029597120773893863255
0.1933113947889067985	0.035923298300850281528	0.59271846241517767151	0.0019631083845368067775
0.16994213062419205595	0.0070848541489741956312	0.62702681347515853982	0.0010289736941033599416
0.091763985674461645559	0.69229942118594300915	0.0082158574662141090061	0.0008740983702580265146
0.097465271727575242267	0.70501489089766800067	0.040650630394907551202	0.0017624252528172913799
0.042013271010571395792	0.71212693232843526925	0.085782586606039185062	0.0017112448447513335572
0.093735410656177409194	0.59299192705079684096	0.14985431504581500639	0.0028452810434921801952
0.10146347309680525672	0.46996357061628091234	0.21667037057636159836	0.0030864049354654785745
0.097858750187933996045	0.3845575689808759523	0.35939925269084854742	0.004073749388611274877
0.099827793990666879864	0.26758842328302173685	0.46231296186968501294	0.0039675290602232543558
0.090166686238702276057	0.16373692153599073151	0.57833230496404663956	0.0030310605210231260365
0.083502188252878584152	0.085230361607212423714	0.66776772373797943505	0.0017384391493138731579
0.092986402163705128565	0.02988032347432911795	0.71529367284077460809	0.0014228616082592867795
0.095121642435985642727	0.0034927384452581033969	0.73383446630278281742	0.00044528264449126533833
0.035386914820371484502	0.76167965297821949022	0.0025527489251930546299	0.00025177006264692129798
0.038934883794832342296	0.7277979549249038449	0.029367749494681825301	0.0011373827151041908563
0.0091745107988447927028	0.73749765202842398892	0.10648631023574561816	0.00070836005771226628197
0.039181599559871216343	0.63495713902993033972	0.16992003578201383962	0.0020432904344783002493
0.09598322679515236544	0.51562401810576918848	0.25942092837841329578	0.0035006957953170126166
0.04145142902919063399	0.50324928119777800894	0.27518228426408403164	0.0027851838840542934156
0.040760768471255426348	0.39512039838470869313	0.38778495561213532916	0.0026030792412095899585
0.042701686628989765637	0.28375344891735831965	0.5048713937293148879	0.002326583405398363006
0.035146683638711317954	0.17382670297422442296	0.61295315944739703351	0.0019869713561838277943
0.040789635823954228933	0.092983229518188381668	0.70169986917614568522	0.0014994440639207371434
0.035961230179428871345	0.039203545590655419772	0.74836533701086327408	0.00086000344209321742065
0.037038613016776245068	0.0086242164994404513223	0.74674853519589468043	0.00057233508656268907919
0.0070049286985542913442	0.80903814764119852398	0.010118491996261689755	0.00023832136929181842221
0.0069542902768853220863	0.79302870645881018419	0.046158014531045128692	0.000455028266410992721
0.0069033727865100980026	0.64059164519240352487	0.12917740943117825281	0.00089335318090003751346
0.0079999188048341940416	0.59554612249335281415	0.21696370112298066224	0.001083452423068154884
0.0078448077959767381628	0.49658990863718438513	0.31526904302791353141	0.0011285263821880922933
0.0079910382347038177997	0.38288600087968077679	0.4463520488983841461	0.001277328563835982778
0.0082656337367638110791	0.26747377223974133642	0.54992234334608613988	0.0010551001227101844664
0.0058319073124923903606	0.17380209354007081224	0.63046688085311441974	0.00078544591952932384452
0.0086798646767688447667	0.098821506623432031624	0.73887458283673390635	0.00083893965086552719015
0.0065046306733281822332	0.038960874100645526141	0.73948481626992179638	0.00051436681379582026991
0.0070213731694261927174	0.0072829140760163335599	0.81081947131592746469	0.00020316731970110361817
0.85695499028575250478	0.0037958683336720838719	0.0074337274539834439363	0.0001285827472039895419
0.8466925630404213976	0.011010151109622168253	0.032674894368632044495	0.00037361630776721997541
0.87910641973151482098	0.026687567347715795973	0.0056076741689040556643	0.00021668894836349096491
0.82447878808144936524	0.047506930436349410762	0.031739800056622864688	0.00087592403444710785661
0.81394647894548111111	0.0066810697504999794205	0.082006875392773653788	0.00047517903988551399817
0.81887879816729614024	0.081912874859037698716	0.0053881444714949005073	0.00045566765545578674645
0.72587815711826919607	0.098371946216081473935	0.03875989663121544998	0.0016676013173371551437
0.70858632023679324341	0.098177513855894210648	0.09730182029758732698	0.0022787248946498283794
0.7818633039982716415	0.037954172793314477907	0.08299181480063309857	0.0012199905682123376484
0.7297006299418360431	0.0079828292672664280527	0.15240658344887678122	0.00076073362680909267612
0.72796534619047381653	0.15559523949328549208	0.0090375648557066388944	0.00088234724900636187644
0.70132997156465526345	0.16363486461422974139	0.048288966226336861587	0.0016568899865116015063
0.62828773437296714377	0.20771286802227106882	0.097663834569267596319	0.0017537957582221823556
0.60865740540373591827	0.1008240208629426482	0.18461620497526051721	0.0026246684579502833033
0.68738837895810500633	0.042053627089341877321	0.16843528498487034262	0.0020354687029918859704
0.6324435258189415876	0.0094652015153051105578	0.25368286377650850483	0.0011472416210084343622
0.63094890475430709387	0.25482549525860692663	0.0082127880298094573658	0.00092334812645598375591
0.6198805503312980747	0.25050104814021162403	0.039444269456404036645	0.0016683506446547047026
0.52958982087864159283	0.30747690911539071745	0.083277956823736370984	0.0024609911665161060719
0.61044509709933958419	0.16032577177067366958	0.14198521502375352488	0.0020940282107772124724
0.57298877239323564581	0.047805862462797443779	0.2736201063328465577	0.0025235825214492890387
0.53291187583156585106	0.36916509784436890573	0.001982159177533576646	0.00040150603209147253322
0.5090066879604140393	0.37700417754852472152	0.022262180744307066838	0.0014741119577150957679
0.4159843834866600587	0.40870521347531113543	0.086232898764258436586	0.0030777066606947371327
0.49455795384288103733	0.2594031068823525743	0.15174612282962765542	0.0033762071861203318129
0.49177171975699435214	0.19059247645994870091	0.22419091987995404258	0.0028459361011855602297
0.45462283629535293894	0.094600815314593911243	0.35937203068421136321	0.0030276212613626046072
0.47620520445970343504	0.03911480329134192635	0.39913783189402396445	0.0019314805719367908552
0.52328240838359407761	0.0080611019706984810007	0.36891065346026852279	0.0010692982467408512683
0.41477234796723572163	0.49253889558176278118	0.0042631197675081456896	0.00061373415494558013206
0.37263180763850789479	0.50662554005561299952	0.029867143726134234849	0.0018543341834048590253
0.29893833634681088451	0.5248381068700915808	0.078823129236057984381	0.002866306718651764722
0.37414822865659491669	0.35625291182400009582	0.16434431429606768948	0.0037803427610725594786
0.36389808013496782735	0.2889745410239727974	0.25763613953061192952	0.0032069334852375653254
0.37352328266520207212	0.17872963128947411127	0.35014142808509646221	0.0043054187475643906913
0.3318409654041952761	0.10254303386683877308	0.46424849958352581991	0.003297507211089113939
0.35105366134513649179	0.040537942379416103122	0.50760981544471472926	0.0022237541044702363764
0.39473068023242274815	0.0071339290079032169345	0.50785292239037216344	0.00095712568283189331832
0.29375378908331162275	0.59001459755187202205	0.0077200566453156241678	0.00085771791511107114969
0.23850264465883508347	0.62207779625858383721	0.036551042656432206068	0.0018719378979208242328
0.27554997441676687409	0.47421867472653644882	0.15276801873881598604	0.0037241871718652246395
0.26423440435802814097	0.38200186561915128181	0.2544025808132323041	0.0043187286626217569196
0.26702357247920061045	0.27552574980758665069	0.35592310622807227238	0.0043618880798162416867
0.26054860810442836971	0.18427238293163905603	0.45372012881159862197	0.0036865981038430428035
0.22394865238412720032	0.11568240454662659378	0.56436252304066636398	0.0027995070257633234562
0.24637698406503971693	0.05150773064491076525	0.60334432433290696718	0.0022545156579053446909
0.2709303406968024408	0.010522708732259133946	0.61634996035222755495	0.0010582940073119726301
0.1993262030300713139	0.70557727271912484834	0.0066784881956483072366	0.00069535726544156723546
0.15004131422024002962	0.72149251285702442615	0.038290102900099529104	0.0014999351682676808056
0.18125339870305301471	0.6157291431407050375	0.094073924490866489556	0.0029772225875823983901
0.17584866147613131826	0.56351827852534275287	0.17934916408928947007	0.0030043522020498187805
0.16717364066094930752	0.46968376778030329621	0.27856960686038367836	0.0036147738513659767937
0.17181553217452227855	0.34959991051482725011	0.38269686585843448734	0.0039374662260338076994
0.16655728385573675965	0.24013036742164928228	0.49852758580477241068	0.0039188669846272079084
0.14651615436067144671	0.15510710482412326527	0.60364497738483113842	0.0024891169632105933016
0.15017380953350167871	0.080213024765497520363	0.67772339832668648807	0.0016933174103920798671
0.16148614895571722361	0.031316628301683357982	0.69173518335995998196	0.001223053127009461746
0.18028155620268127013	0.0054089971435551387202	0.71305722761171608237	0.00063088574410727891496
0.11120306141472680039	0.76634685208194563977	0.0077693990178085634013	0.00071373158265084207103
0.076176616736618574244	0.80801123779502792566	0.041314064804375744133	0.00099580897881195243326
0.089448825899532513617	0.71768202899978972287	0.095186749942267098734	0.0021615206517624956442
0.098793603936964680123	0.63729926561099403681	0.17851804431771614579	0.0025467149893087914075
0.090909882126090524324	0.57988036247647345434	0.27863698075192083747	0.0023681886824453053653
0.089557864333033476711	0.45826658793561264593	0.37110951366312555644	0.0028492498793839266674
0.095776816902630734774	0.33622455224282066233	0.48002425869101017497	0.0029920819555712611752
0.07953528870067239076	0.23045052980150870781	0.5906928712553707328	0.0027467484523861079859
0.083460120096688905633	0.12885656279800350443	0.69723307710212900634	0.0019187346813593097496
0.094504359413971505965	0.055529312948483289247	0.76298267384865747776	0.0013878102779025676666
0.10037797095892209143	0.010358632264414024959	0.80390939055986176953	0.00072368874903751593229
0.049023069908146421625	0.82826045307239182236	0.0071617963678171020839	0.00043252174499582344246
0.037680346334505565586	0.81403441179339952605	0.033551664767401602474	0.00075392705118587904217
0.02935142478512320352	0.80770852381406454956	0.081322136656465510152	0.00086754306192824348284
0.037632211304930107687	0.7276204656489445588	0.1527571743403016713	0.0014453351116505697149
0.041011255648284672404	0.60956357106282288427	0.25271022617666516474	0.0020811063562886436551
0.035654936197756503802	0.49585489016061778944	0.36917265217491801454	0.0021461812498764195126
0.040692836455643255356	0.37173886163219305168	0.48660620493958706145	0.0020680432397708076869
0.027945341259215217278	0.26904023466958293387	0.60165283047234285885	0.0014971285424675772821
0.033312259482407458044	0.17394299359150700024	0.69270398136112421028	0.0014249686477260142987
0.036330489411253497067	0.09786340078981670132	0.78587093772381644285	0.0012151018444610975182
0.041427004208030138166	0.03938994646640070485	0.81814823465835995187	0.00086193888082250502171
0.041426171020810476087	0.0071359565091225762856	0.8382597581094983763	0.00042366903863630753094
0.0098626733582293235614	0.88499500772497707857	0.0059544275339112988366	0.00016673968418661641003
0.0080276155323286690901	0.87665003552678943954	0.035400535255233969711	0.00034001911111618027435
0.0036653220732461022635	0.82044152726544217202	0.096681455697897045187	0.00031841307602179891138
0.0067412332791593199133	0.70885922835261860886	0.17895478724032817808	0.00071442864104642094056
0.00813845460029860579	0.61362574364952404693	0.28187167803506202324	0.00090887993144243080408
0.0060753117372640552674	0.50194220980220083383	0.38714943595005496535	0.00073860099134032759956
0.0083373332071325911841	0.3969720494206230299	0.51416288702362067387	0.00095937913071794753833
0.0039629146114228408493	0.2914432413535489319	0.60354891825214618262	0.00049186694217071913818
0.0059231441277312057991	0.18488442366078183809	0.70670601299368418502	0.00065475755422867592571
0.0060634034859498031622	0.10341938029262931487	0.81627996541407898956	0.00046467400753543867996
0.0075812789939639912973	0.041820287013674017906	0.8343137846533507096	0.00046274474137712273778
0.0084904658115266817831	0.0084733066332021156342	0.8895729740176779865	0.0001820514395620060114
0.93786594685809476779	0.0071828628203385045184	0.0063846807978196187458	0.00010362834705240914083
0.90788750586669175746	0.0063081810784933398106	0.035027129803625003945	0.00022960418666468848659
0.90913987396774675886	0.046144252509484527669	0.0096393311312104375949	0.00034218317345895783634
0.8826796585454226296	0.03334794554457840704	0.047723662541054305553	0.00062761960365229096416
0.85760201662005530743	0.0063107917516025680005	0.097433843518543783446	0.00033439131164942563056
0.84494085600918611423	0.11436528602921115783	0.0060712484999139127925	0.00032789145743426762435
0.81075321696071711575	0.10272534132546040642	0.03244884266442490256	0.00098273468318853143648
0.80113173981831953263	0.079185154395355492052	0.077637496394385371867	0.0010475542155395051007
0.80057722276457610189	0.031164489070546155802	0.12494399206321339657	0.00093537070185458533883
0.76011380471161449357	0.005164620664379115933	0.18611473903130160146	0.00044934509727725523587
0.75010811031308022301	0.19419505526238936555	0.007880787240298193011	0.00058525994721644945644
0.73830476769184005814	0.1892239963101814415	0.039962247783526666511	0.0011009660745095982415
0.72012931925047107828	0.14826973369001872349	0.099321561976707814501	0.0015877681389866303997
0.7124091316377603178	0.082659879011484305167	0.16316744126486065758	0.0018110262677113841794
0.70553251421529750154	0.030156898787486674518	0.22302601426294532683	0.0011369254633197671024
0.64818337925110180997	0.0042619964657827913435	0.30596914588378970601	0.00046813235758320459294
0.64741545706622116718	0.30007882136044178312	0.0079463687627446873835	0.00065623806691907993812
0.62842472354809553181	0.2949942587839275987	0.040367488708529526698	0.0013259233858254285826
0.64602364955328672735	0.27357897368042655151	0.069876599068859082675	0.0003901177981559558164
0.60268885709818076357	0.1661475800006381176	0.19287603546038323277	0.0025536374070490746625
0.60457753204361686095	0.087172258596784069073	0.26060480137520963817	0.0021231928110712833604
0.6072094683350812705	0.033534495591121149527	0.31420553501093373416	0.0011248910369324213558
0.53700184243479331947	0.41996556658068256995	0.0076539989710960156313	0.00060116368787143379445
0.50823997319279312634	0.40326250076173447701	0.040532729454506651046	0.001386382829524231879
0.49519763610317918401	0.37624143614224947463	0.098467000011854877162	0.0019801726317333484539
0.50534510976240687441	0.27422616968977897578	0.18195405552264401483	0.0025696665490002245855
0.46042746479462787201	0.21325801574730268717	0.28281679725661235114	0.0026015252205123873611
0.50524644969912924086	0.13999101947891151587	0.31821642552838252938	0.0019682717162113282615
0.50502123862090131379	0.072334202673045411291	0.38982154860988499356	0.0018188407782181062293
0.54043649408672012058	0.021339747467638114919	0.40211350967368636455	0.00069791806553233764858
0.50967849535239007075	0.0042952094647745187039	0.44331562713512207008	0.00040650331635107571403
0.4225313918674896696	0.53264823606218747454	0.010293700482018630984	0.00071156422512351046993
0.40074066215420645065	0.51091163237294312527	0.051044572013849848213	0.0016453541227686259082
0.34851276069741954355	0.49726930502569283155	0.11541633667560728671	0.0024692820101911913677
0.41024907874591942658	0.37663614562888592108	0.16400035485191913343	0.0023887020737878563933
0.3772881969164396665	0.32163094310953332933	0.26271416109788769955	0.002595366594924759622
0.340474077086119431	0.24888016894518433242	0.37009138649196865467	0.0028023116783149957902
0.38606196317538810092	0.1498334562911664003	0.42373646765714390039	0.0026441588131764816316
0.38399480594803747646	0.078873137994376729676	0.49166985578413008318	0.0018594603584083221805
0.41444407153904083696	0.028528870703651509899	0.51780470738077510884	0.0012903964030715931073
0.40494532132593674678	0.0038516186818567943462	0.56188494056376570018	0.00026875554567747480172
0.30787437010821561145	0.63945800327836310739	0.0076587053613464736029	0.00068790433619292054059
0.28277195476234973093	0.63189645503606739485	0.04310807614221386086	0.0016594695449413223234
0.23795889724758145789	0.61083104846690361445	0.10653851130413942438	0.0022540558031810655273
0.3147204199761486354	0.4367599202915677381	0.21217617979942160478	0.0020625439766319112085
0.25579229466736552734	0.48066229160912005147	0.20991505474085542238	0.0015567301667065607581
0.25497962996508172218	0.3818974428993636705	0.32261936802470259078	0.0031689634689000779552
0.24510743541610213736	0.28244329090743269806	0.42813077151437151091	0.002286344259642220534
0.27085076632215354664	0.17762537791829313694	0.50895990201223495486	0.0026821914311653295704
0.28071840252204416366	0.094944796088831107106	0.58418528004541681042	0.0020290915674481342819
0.29073052440179536493	0.036649341454309314337	0.63315653073997335554	0.0013860100564471798494
0.30557165745649061961	0.0064997530681559778643	0.64091839798165017861	0.00053932157150498737271
0.19948096316419106078	0.75656877589927595817	0.0096631550237439214207	0.00059587445346834201285
0.17674932914314500643	0.73790012459512344112	0.046981811977327730956	0.001235926671007878206
0.14994787171087620159	0.69632386338241381019	0.10304903099816695167	0.0015010988141401044801
0.22317501186703014859	0.56477579189860893649	0.18472862770603509786	0.0017278563014938293045
0.17048629986798391478	0.51496254632628646331	0.28341591096745666345	0.0023086319209167467312
0.15754204268347005158	0.40095052689640225951	0.40081059754128162131	0.0024522645496645790499
0.17647553449012487459	0.28181853130286549369	0.50554632203030058779	0.0022293848040126022086
0.17927418138960771188	0.17461487188728808118	0.60725345481913817203	0.002136451505224974852
0.17962978229015813536	0.088563357221108529593	0.69381813410947401621	0.0018514570452902849064
0.18675561328482703782	0.031227409297930108778	0.73124775898256311191	0.0011793691666862815212
0.20289866845257809036	0.0052684413312498179494	0.75534768022454801262	0.00040906554470099677854
0.11084892203725760229	0.8337668842674196279	0.0078941650074716759183	0.00051098139784090158572
0.095026520608267883716	0.8322007972185014868	0.042019040539720664551	0.00074872491910986317849
0.092226989396121838993	0.76790825439606569258	0.10578662459440930921	0.0011462205798250986195
0.13233411281420293104	0.65329360486437504374	0.18477583280732687299	0.0018256108399244868126
0.090052519674667208527	0.61261889324115181843	0.28690207509948006948	0.0010885857362377317908
0.091946363963273047837	0.48310613830748511122	0.39749089369408568961	0.0016608324592697798656
0.096213717006535470766	0.35605735351273404277	0.51354883182040578227	0.0017235181883791615004
0.10341821035066056655	0.25102490920301023802	0.60350118688242782028	0.0018804833682803754474
0.1062591869653579657	0.16277631942044923363	0.69031457898879811097	0.0012790138808023872579
0.089657705564325840264	0.095989770098436788537	0.78072605278497786419	0.0012825990548103311222
0.1097411263007314064	0.035867238969229386925	0.81900780990117105773	0.00080883273887041526058
0.1122185663461349181	0.0052584516237436096375	0.84772503244709229708	0.00028215700571291392256
0.044536321287264923896	0.89866474514712280097	0.0081290330794626906863	0.00034902602338059791551
0.031029986095936434864	0.89266122669047409666	0.041186058627929657272	0.00053035421340291927575
0.044092691835697528369	0.82028866516778542461	0.098811247198294094307	0.00069020662269287627773
0.055691289343052452487	0.71998039260582114007	0.18886263770750688629	0.0013644778773564078013
0.031863763027919489446	0.64960779191587669779	0.28048920395426890639	0.0010776846966107933318
0.038158749583788731385	0.54824412822208890006	0.37406032673293682089	0.0012287175254722696935
0.041695635249831997093	0.42621964323018218801	0.48980145012734982446	0.0015832363089358985828
0.040626284255470879181	0.30274612574390802333	0.61260233288194776424	0.0015887090068226255787
0.047491451439997112161	0.19266067571486733545	0.71926890146747002319	0.0014154649503910910879
0.03077127260419987298	0.10586544676812525978	0.83650378462016083958	0.00076762896307015792731
0.047282643637098220601	0.040942334563201843167	0.86963694471365349248	0.00063745646979725058452
0.043644515987631748999	0.0079779007248051980739	0.90409324658229461846	0.0003228928877526980384
0.0075808479405050643862	0.94459993124158658784	0.0083814245034877967594	0.00011911890672726139617
0.0036964903227580947487	0.91652121098814864908	0.051178960807794660059	0.00015079790452388264687
0.010010037378214931003	0.84030832756582785059	0.11735483232876704751	0.00043935480361872764239
0.0093626188165224499826	0.74883329276570753663	0.19762055273840328784	0.000675258106506346472
0.0048022305616398641703	0.64538184466032910702	0.30944011937413773428	0.00042315861330464424241
0.0080527666804955932989	0.52306173927207488816	0.4247692004696350665	0.00073101421249687208604
0.0078489866563535848343	0.39974139012931630965	0.56538840266350265384	0.00060280594287288782451
0.0076591991001685455487	0.2817345125557212393	0.66577266963422176982	0.00060292046931426329474
0.0098565752600061617983	0.1857155232213810736	0.76305158317273846791	0.00061789001046254126912
0.0029008645911097197256	0.1094527400821821983	0.86500992350244310103	0.00016643390145498101183
0.0094568986814177469213	0.044520349281636395489	0.89965919936580751592	0.00038119461885909055633
0.0078163362672636349515	0.0085142038588900126328	0.9437500203243530672	0.00011428203031629058969
0.97062981173004814206	0.010675401674498099028	0.0092303852439597679908	9.2169964311093180356e-05
0.93752650916214930188	0.0059396384930312795536	0.046901692824626348144	0.00012425280817866609533
0.93126574852275312288	0.055333154474359422248	0.0078044887795606626008	0.00011368882209127154906
0.91118424768110606315	0.038248878236267956632	0.045292096174473502057	0.0002242047693000663415
0.87184134172430671761	0.01088871269832782096	0.11041884257099762734	0.00021804806064317454719
0.85632149818272274011	0.13058774362889669085	0.006799885375586349652	0.00015158127592712153527
0.85395558091985512839	0.097320237432429929081	0.037688769516591939801	0.00052463393500949001558
0.78776399213632219976	0.11814441182355747695	0.088426254334601633866	0.00048075376309001684443
0.82925995489260184712	0.052505422402257570513	0.10905496583579356307	0.00059647583909548174737
0.79317096718970991898	0.0069432798697938447052	0.19003323221890561223	0.0002439535762165291762
0.75571296951994781921	0.2280690653377652477	0.0063835330268644137341	0.0002586051869338619664
0.77886282889767000093	0.18256377846549998178	0.032372218554604648144	0.00034965903849207041927
0.70568662507989399213	0.20644934468993075827	0.082724812053064741835	0.00049228231098694119616
0.71158523063979872703	0.1089142595304398442	0.1719680383029414672	0.00085823891751826090341
0.75152117354119396531	0.040092567068781670425	0.20076440842606657622	0.00059798786398696944424
0.69544642493478114886	0.0078051290631454550706	0.2889424593208890224	0.00025971151416041740167
0.64714547493291907365	0.33702710726076967607	0.0071212520270788736559	0.00025132282305070566394
0.66655567408556426479	0.29547722170863427449	0.03255666412994859954	0.00038294989235883596275
0.60630694218059177913	0.25926838684784009326	0.10523152147750847174	0.0016315669981111801702
0.63538422614338641026	0.20007768604847589455	0.15729005267527776391	0.00095838702824668070817
0.63616791780673143109	0.080112604136752085804	0.27379820353656170173	0.00096359465196325911306
0.63085419927303676424	0.032915596411029202084	0.32827251819578084913	0.0005584401109343410316
0.56949640515863841905	0.0054856810706459535609	0.4171719851185984318	0.00024623935151814969674
0.54195443676259036359	0.44538630160508763112	0.0071336163311343453799	0.00018863111813839539169
0.54143775031060326075	0.4076374343715102877	0.040907855069764298417	0.00079993004064751412931
0.55972144197537543331	0.34065685308822629684	0.096197662123876967466	0.00057267182854002876037
0.52970392903292351505	0.29158710940157828162	0.17213098018208847217	0.00083756989812180991737
0.48527581760506999231	0.24738309216272785784	0.25889761309609621298	0.0012481224510885169637
0.57304844340340177489	0.15616143106185176315	0.26355326115492472283	0.0010791810209637138582
0.5287886924262994448	0.08073625044040783072	0.38600792199378608505	0.00052759826598212336991
0.50009521636891507423	0.033432972223224333153	0.45887018058805301157	0.00060340357377385413565
0.4214299667641214775	0.56802713490239697958	0.0037791579556650453653	0.00015327363349046014304
0.44957149768910709131	0.51507634378422151311	0.029233083859650940695	0.00035743939245352852798
0.42335764955031285339	0.48025577726794316247	0.089928936783367718899	0.00094730226081058701258
0.42698726752776339222	0.39431847639893680135	0.16973941629320021818	0.0013112481713063539688
0.37248907101100225958	0.35203180952901619305	0.26832613069455230059	0.0012879988073155000921
0.39566953570932394957	0.23063679786919161208	0.36586703875990095325	0.001319497285600705833
0.46798883835611848614	0.14278218476333914833	0.38167542726931769081	0.00099083522441813795881
0.3491556091581629051	0.1555043076505936428	0.4876646154473247563	0.00096925681962531558006
0.39676490196596514437	0.083360048837886613349	0.51107447030194874671	0.0010227884676455433356
0.36475402738611550912	0.03728277061583951113	0.59049459040489793438	0.00054868727519333530991
0.43158835199907641389	0.0074988694945032907668	0.55480264849208249522	0.00023981883768601927826
0.30329444981721742636	0.67982687400339758543	0.0082840004727141088731	0.00031051005822438067314
0.3533394637443921793	0.60159188433652133199	0.036984910701585292647	0.00058263587214313925042
0.2937485067044601772	0.60374582594510850519	0.09401065475979207553	0.0010819692904961361601
0.31514415352090530131	0.50310405838533378553	0.1748262755855336803	0.001139573268717968945
0.25624146375516909657	0.45581574877303027149	0.28047242931835508761	0.0013868694958213525006
0.28749461384965591115	0.32387959411267125409	0.38063969501070799017	0.0013607114094802029089
0.27143232623801760717	0.2300889015111244329	0.49012283247451154944	0.0013143498679405250362
0.26763255250604456315	0.1208405275220997277	0.6035678641835405811	0.00096346434697142341146
0.26714296640469137323	0.059284209378697161341	0.66661532755614627543	0.00060017117618551207251
0.29584282875689160708	0.0090865045438944802569	0.68676151876883873015	0.0003655713233579998547
0.1967264486191826478	0.79031029369531080597	0.0068584197036908002218	0.00017489772988687476507
0.2355211108715523638	0.71549724300369754726	0.041661304760367841304	0.00059086220260691870495
0.1767786921854881399	0.71175218690431452107	0.10201595885836321764	0.001026272925955970701
0.20687881016534126477	0.6170628924805969806	0.17140486729035137037	0.00064015686664392070469
0.16299704763576750022	0.5830072994674122544	0.25030261276205684196	0.00057684061403059168523
0.15789297392516332685	0.4836604878141297359	0.35178026466114853399	0.00077929638949083743747
0.18950777039860000617	0.37878927540953938324	0.42355569091563588513	0.0012363320740246376908
0.17360565173251196747	0.28155698084672875492	0.53833903953745587678	0.0009078146567556605491
0.187429901182679437	0.18099916272521365812	0.62397681467018417667	0.000971601397818151356
0.16179890970464838595	0.099360200004451670885	0.73213566892615911108	0.00071347898931182237962
0.19776746335422390466	0.035155650595186993534	0.75690761480350010615	0.00059063259478078756169
0.18247200973767396803	0.0070615823559102564033	0.80485422410987861319	0.0001659638723057199085
0.10798815302743580702	0.8751237133516684974	0.0076429611294003595504	0.00021032746510201509572
0.13890485452009149192	0.81607150489726554277	0.038558806311412091583	0.00040386468645105158114
0.093637254691873006429	0.80947637555898399597	0.091169181696695258954	0.00045628409430983012498
0.098702036134466375472	0.71963815117650609121	0.1763657418979809044	0.00066637327332737944507
0.092214104678706942941	0.50027063339335020586	0.40391588047807497341	0.00047439295366407828371
0.10040027601626499987	0.37890920118679571882	0.51425579639589646952	0.00089140701795974836529
0.10039120230643971965	0.25550514369508470214	0.63602747635246936753	0.00089529318688224245049
0.10133204761849257114	0.16407882374580551321	0.72651544558633018855	0.00074742893184474141176
0.063320524165290437146	0.10331571460468291779	0.82869745681358442102	0.00036164572734098351416
0.11135037510691259133	0.050414737307750923101	0.83164595006536079502	0.00042325981255531095349
0.10065412083684277533	0.010891801543430168486	0.88111166188213052575	0.00020197344038856240812
0.044827026428783667278	0.93887139286454990295	0.0066879327703998547525	0.00012583788301503387626
0.055356361462323033784	0.90144089361306056762	0.036698109114713051149	0.00027327679376735509878
0.036404960134528763227	0.85945380817789807093	0.09655988530901089828	0.00034004834422261744509
0.036729535685838032855	0.78145942758381903293	0.17394797298783845618	0.00048414681008235652387
0.040009596115207046729	0.67623545315920163823	0.27739103044738955273	0.00050703931807332292426
0.039019971943776043943	0.55108275469888656772	0.40231452709891479813	0.00063684003876724208301
0.03859836327556243063	0.42545098152734939223	0.52785368808472488134	0.00069472816051706636105
0.044595178469270746469	0.3052213072802483218	0.64170637159283483442	0.00071693670172669719809
0.038404603661698177852	0.19551555194314285124	0.75847149673997427133	0.00056677644109293166645
0.014181563888759796122	0.11136374733220755218	0.872104306004351848	0.00013428455524500853072
0.042899462686269207445	0.042011113280267742276	0.90667020025133437944	0.00032683649409230732365
0.044456498564194091294	0.0070627838519422558861	0.9402435578367326352	0.00011272916353593709555
0.0092335725814834956893	0.97290479537870333537	0.01023816670867148601	6.9655691966993209079e-05
0.011050259063220324585	0.93389888909323459654	0.049726616368758150277	0.00012360586747566358764
0.0051189402868946354275	0.86702945440360590368	0.12247391094505777343	0.00011627240301184889641
0.0072055305901759236775	0.76382114782296117728	0.22038435192465097301	0.00026336754541831015365
0.0081397212340836855304	0.64782667937530447055	0.33618931137190438685	0.00030041910315661835007
0.007216019721559829847	0.52310472640251415299	0.46107770565130540286	0.00031023393443656174752
0.0071331447368063738423	0.400146201799400969	0.59141025577820005577	0.00011037346956229701286
0.0091018213053851715344	0.2903960177610003246	0.69139473392646932925	0.0003288482693481143619
0.005821933352022856667	0.19290948860269063747	0.79352888660846243596	0.0001781328535757868833
0.0076649546807393553749	0.048549242690084648544	0.93508039206686188738	0.00014007906424161602633
0.0090527738389151179987	0.0097354017814059723435	0.97310425995064020466	6.8819511893025451317e-05
