0.0044366831072653548779	0.0095845949005657193193	0.0046411448874025783284	2.6327399856225123598e-05
0.039131258412838737515	0.0044669083922906846484	0.0027919114339827934973	4.3363390737917856244e-05
0.013023933315491946494	0.0072134643107586021715	0.026604508668267003169	0.00012373533091686471819
0.03438864104132838273	0.03011470048523327489	0.0087512828192559295737	0.0002012583394435871198
0.0082876001537772123196	0.048799327611943242589	0.0063388494125997561432	0.000104154437931367269
0.02732676087107503704	0.031300326277483206394	0.048796544988959231204	0.00040379861012109668269
0.002476192617265671192	0.039442669032533010653	0.034156398754405535578	0.00012165176392776963932
0.00034187537859209360391	0.0072011688332469375728	0.071067319148422694597	5.466354253028500804e-05
0.11235424021517947946	0.0062007221773002297108	0.0045354003817141439955	0.00010964034293458279051
0.085818321665194902126	0.03397471367306777873	0.0075879998308499936252	0.00032211524184380110414
0.062741338679267316669	0.0066178160931494971198	0.02822768205320802179	0.00026674579524328087586
0.086095538581403452394	0.081174151700868529824	0.018672731142799860182	0.00071272121086060668052
0.079824783099462170988	0.0350029940864688624	0.046609247158439844061	0.00081048298581890736506
0.091594903983167205719	0.0060772203547535957879	0.082607853859236440863	0.00049874958592242737542
0.031969610339580969982	0.071153339007384061587	0.027869309323657720512	0.0004919988898082299205
0.028666549120954523677	0.0058987928955980678536	0.079419604534506499371	0.00027937321698141788289
0.045279156090202526963	0.090690118366252958637	0.0027987652077220365535	0.00023560254846353493566
0.043766964686466708345	0.081269374775601144201	0.076351255890965669115	0.0011221734410490657226
0.053605843976871597745	0.029214458575673077356	0.11270803683031287157	0.00094741380880004476446
0.0077734675743747622123	0.11169024192677573515	0.0088135855305411115596	0.00020807037620258409102
0.0076479827151401391649	0.092832830973897273452	0.10783648923851726908	0.00052414795728381665015
0.0070671058925632357361	0.095225524320468379891	0.04730941763769175995	0.00038106978739666224221
0.0094216016245550759933	0.038788803534553828456	0.095291273276418703153	0.00044727125429976717814
0.0089248670763190651734	0.0082923803195598111415	0.14590277178509666878	0.00024048409432230044157
0.21173386392362397723	0.0074562292654637256362	0.0061304404819391197096	0.00020027065007962002296
0.16447609424477824258	0.03826844635606205941	0.0083003818206236409938	0.00049446203473384165404
0.14396787537879818242	0.0083939131009440545728	0.030493693904982313581	0.00045255349874164711808
0.23042261324490659335	0.087570272060713882922	0.0087020814037152022929	0.00081720147438426845102
0.13040782779426599025	0.092114901273740654175	0.0010652120096845602883	0.00026095575460753140697
0.17850603093223635365	0.0089962296370564714953	0.076569504891015646719	0.00072145404968259273758
0.15679643028521500492	0.10058686731705129835	0.023833390531469478973	0.00107881308332696043
0.14911403297808645263	0.045375409875946404181	0.042158410143476363063	0.0010582952919829630937
0.086582903525159016223	0.16285900383918489043	0.0079798133331248129879	0.0007359893317613397986
0.087033479306246636087	0.11839978890563380987	0.048052960820960957666	0.0012852394590798805335
0.09860775004303143354	0.073491416952269308926	0.086039465106895321456	0.0010724229607890389988
0.12595302084847445623	0.035279942402164504722	0.10309249005968601498	0.0011775164206621043048
0.11627077221028189746	0.0089857188797947684655	0.15930392639398047172	0.00089149238185208231136
0.031685882577408452931	0.18042954972395205959	0.0040527928975080760449	0.00025814805713532141271
0.048662152551079224105	0.0040398156492952863594	0.16474916862269065043	0.00038487607122295606002
0.036540492796182266755	0.14552396076886917053	0.027442135109143835775	0.00084811674186046855962
0.025614198541383192964	0.15526183485043462684	0.081082734197925859787	0.0011835370139650015948
0.033292898769777090617	0.075130504513007873024	0.14682258790084903866	0.0010510166401092400218
0.027494378269758118494	0.030459134806738785706	0.17623585901051255775	0.00061185602808425110233
0.0031575919631788573749	0.044394111369871147588	0.18106555028007328967	0.00030767873888246717769
0.0077953106207699351948	0.099350422030518359406	0.1983275631563981567	0.00069344403880404839081
0.0077531578575336934644	0.0069875375239974724106	0.23982177257997583375	0.00022907462023004514814
0.0057742158710897273366	0.20030391230289384952	0.0088989571607388656682	0.00019368237260854778269
0.0051463532490599317448	0.17512182900128289709	0.044182864226388930684	0.00038009108005405685231
0.0014722713283401578366	0.15898051244433875073	0.12200637532223945758	0.0003199372322484364756
0.3297488653998212893	0.0083291268821335095324	0.0073562375833801287722	0.00028699250737446440219
0.25344766167147203539	0.004939813363494020837	0.034121013641050149112	0.00037808787309278149048
0.26431880174549771123	0.03804141853457095046	0.0053512825020646291943	0.00036284412029357335835
0.2450959688079587806	0.033034849283153540356	0.03391022665572775846	0.001095360794063443121
0.20682552728812170217	0.089880760620405703021	0.053937975269978712112	0.0015471881158520459608
0.20992024026677091886	0.041701001724488206968	0.087629280516312246796	0.0014015602620116569908
0.28617012959625953705	0.0087468698664818211874	0.085187367143579176276	0.0008826153483132941199
0.19561408635995217176	0.001132895706144082526	0.13583777530352292295	0.000310322555983013346
0.17970009013185497815	0.16408962594041842653	0.0041574949946821928085	0.00061774371861529858534
0.1450734607781367369	0.10462001893391839613	0.086256622081959832826	0.0017550397758479305103
0.19899515214112509232	0.025520121283057084494	0.15015169501754468961	0.0015083837167165715844
0.13950082024535395697	0.17616327420640559565	0.028292946555354595017	0.0013795599444316401349
0.067480264896224551041	0.16369382101202323287	0.099892262887683491712	0.0018887052012959686803
0.17243672652647112908	0.078542521534061215949	0.14732915140432356615	0.0025741903389750186992
0.10284096077191362539	0.0051588143164343902569	0.25763533855588155452	0.00065819972403253546901
0.10925198477539016517	0.25176259284558144547	0.0073153709602206675941	0.00078255626272195010461
0.077568290266129047428	0.10377998777931876639	0.14499919267815972179	0.0018188479618780895031
0.068038230057871490475	0.026339426020124762085	0.21819957046119325961	0.00097433048155716429298
0.047189367420875927284	0.26823703570596812984	0.0081528657616009130027	0.00064800859776717380668
0.068826661455715476556	0.21349212715259258122	0.042906396892814446797	0.0016581001829942888012
0.096376129082668959835	0.050801578655075479984	0.1679472151285725523	0.0015781909421757546637
0.038852623276661391039	0.007403791436515372304	0.26785136377953788767	0.00052884290447713410213
0.034048529417431749877	0.26442577772126424351	0.086202539370017372544	0.0016621069045472478681
0.018863646409700840501	0.18881703312160266761	0.14280940207264894437	0.001052069558144512907
0.029856788157842151232	0.13150683640303703625	0.17275189681944921882	0.0011129012855827489798
0.04530324029091786775	0.069668604314837345726	0.23972916830855944825	0.0014599788872297022636
0.017589114074675116228	0.038667701944429144767	0.2551229297771644422	0.00064415985792968426856
0.0095344367080903991152	0.29958813871845435539	0.0043928365612465975973	0.00019001820570179551789
0.02227479265516457696	0.24643882457563640043	0.033339175707992635411	0.00081142522557836561578
0.0056208209099031791744	0.24862803226303889503	0.08039966395877104488	0.00057877945208844715913
0.0076630984236567556422	0.082665282149729069072	0.29409003255097049268	0.00079348459542966098823
0.0010193546537742292912	0.027544564882273525619	0.31152672538998632534	0.00019946343573562337549
0.0032795973019825175321	0.302569089096221433	0.027244807989659215047	0.00023932239889177942655
0.0028877627099527791721	0.17441354291768704221	0.22542027714350268419	0.00058929434497774187476
0.0099346987515860907259	0.0032633400142905166774	0.36326668551043528321	0.00020188798516850109898
0.44796674530965702177	0.0078177630893404501111	0.0078534292622736319445	0.00028352287517274289697
0.36310295770387646108	0.048342043957675044641	0.0062741841501240524365	0.00056698259657621719217
0.35894235579005190351	0.031774097431828247917	0.031678656704435016744	0.00094419726054612821038
0.31085682466263903079	0.040388193687745932436	0.081929132126311796092	0.0016391136399857160998
0.37549181635112149902	0.0060547041339727644682	0.040988227366894343373	0.00052902766496215733374
0.31724984330912930908	0.11677241284108434705	0.0061198861803575593452	0.00082064119970525091757
0.23076428682618410626	0.160485759948139739	0.034621167468551927726	0.0020578097155045044567
0.29971060833325746664	0.083596132319372212782	0.035331407264354644515	0.0017060406277226397402
0.2816257772633080636	0.0080906658329486513814	0.15838139478117932435	0.00087889583580814793252
0.25392381197374869206	0.18951373952275574197	0.0082075808674017293465	0.00084837230733985930647
0.25937175929816980169	0.091142430765004792126	0.10123117762938334263	0.0025052389645573856954
0.29107265767790502231	0.040303398144103941281	0.15537196356094959415	0.002112935531905005531
0.21302915634155389357	0.16334346826036444389	0.089758143497884898543	0.002960199877335703382
0.19146167194315072413	0.0059501401970467049374	0.22844718072000930187	0.00085530173404586536719
0.17470380214393477214	0.27362011242292572089	0.0059915885230142811382	0.00075377394792886789551
0.16577686212170805735	0.25708304892624861404	0.035231390831232327343	0.0021278825516611791883
0.1338199948978894549	0.17509790165540578544	0.073788962969801766278	0.0019300609992616551275
0.13471283019483154542	0.15015876367272984471	0.15361174374991448666	0.0032810277034829062048
0.077155191068871531446	0.36401673092139824606	0.0061439815296044694021	0.00064705796366126648849
0.087706395487768595842	0.3079314680012829597	0.036825270829559227093	0.0018736344305115013378
0.11456371749991611786	0.087462278433044188253	0.23409299318989770788	0.0027674547023887425753
0.15216207169145107292	0.033577163247185182193	0.2272314864926125999	0.0019479894998627098317
0.13844388982281446987	0.0086473121315850942636	0.34339424196958096003	0.0011361792586835049203
0.032705336128621809166	0.35724733123270041579	0.03544450309277870359	0.0012513862746095561797
0.11629638278970555465	0.24930935066067944073	0.089138558325727659803	0.0025220815685899843593
0.070613872430230650856	0.22119328824644710063	0.1454255942997469131	0.0024471619780870729199
0.067120842604984076729	0.1467721636094641291	0.21040702346645048793	0.0021129416149277394955
0.084468719372599865292	0.034439692702275870317	0.30880251731858215924	0.0018125625522401351154
0.059230898589771152629	0.0053386759220124813119	0.36974798762040367306	0.00058118858201622975931
0.028261774324993438334	0.38644357281332031295	0.0066725160701589401532	0.00039318690979900367119
0.028918973526342039992	0.23255771573669015151	0.18794717955439155244	0.0015748140498064453277
0.026318083151540327957	0.14775915088506397232	0.26632803506737084964	0.0017865314367539574924
0.055855059166635079304	0.087339288757133093366	0.28468080760548375441	0.00089751866515442191991
0.027413341077204611551	0.028127131482264589035	0.35224051842816922475	0.0010188075519269206622
0.0060473086297628264596	0.36928306058769511111	0.049572100031029665834	0.00042570327858944647433
0.063059897423392241578	0.30837308572819704944	0.090369315429309746146	0.0014146652415030780154
0.0052816216612251998264	0.26746852078631910832	0.1562475438182918952	0.0007407959086191250736
0.0062094397300557768737	0.14029705709308387673	0.35231167813357783247	0.00092814654858400821684
0.0053809296053817790018	0.019911560742943257285	0.43400439728300399533	0.00027518224727619405032
0.0050396276593823174927	0.41695668437484706415	0.0089906429583954724366	0.00021268285636423316879
0.0094135489219346890621	0.35161050576212615759	0.098653349367524983959	0.00090611631351102811527
0.036611899135073899814	0.077957412991808749947	0.35539903214094448192	0.0014188901759364504294
0.0065902187317280480627	0.061981837560728780812	0.41091358901918562108	0.00067682060836105214195
0.55457378548516456096	0.0043695002902101529041	0.01069835525058560402	0.00016805164204325054962
0.47448295737040296904	0.035656782968208573792	0.0043318575437844009102	0.00033762136918807428895
0.43512996617299637414	0.096737029522179440733	0.0077159912908838362844	0.00091177427060576822331
0.41156494791450504156	0.075423156968988352977	0.034068175185550164663	0.0013463653705924839756
0.49366231307296676301	0.0049693627577403684525	0.046368158812859140705	0.00049887221260354265746
0.48314560889640195684	0.03122281441353432288	0.030134715737864376656	0.0010405255758754825435
0.41837777126753938894	0.027827596738904405993	0.080835800605058807933	0.0014906070858742028439
0.39273216960734735892	0.004742733961025522027	0.10856832465870384918	0.00071683579319270702198
0.37717114101132132031	0.19156130745552907291	0.0046918015132722890384	0.00084351433151246164865
0.35667957186979759587	0.15913157792889401354	0.026886102357448586619	0.0017326861222096809519
0.38299901285512072402	0.078380885271868885877	0.083320940613352725834	0.0022212783732734604596
0.38337388055404530984	0.060604013541273538124	0.15326378157329714758	0.0021514373098752035893
0.38592386550402540957	0.023272840300200631214	0.15847285136585101406	0.0014689339256399867092
0.27680547175328606979	0.24780489959616397444	0.0071965010591708462873	0.00071989141321574597228
0.26666498850553488342	0.24510434142547396497	0.040880022695688723877	0.0027882096555544469245
0.32522268688727751229	0.13806163838100571351	0.06016194762229822024	0.0021603539098108701447
0.31869043779456385224	0.0049718280526665215024	0.21595204931694295114	0.00074840783262819271689
0.29928061037265996092	0.19335637269150884876	0.097764376782404557864	0.0033523897825843513784
0.3130926136557856676	0.10996975659410379578	0.13758414809339358786	0.0026259935689457378216
0.22927663375727569406	0.075314183759748715152	0.19988632762260219455	0.0027253408478182996472
0.25029390648794314078	0.029766025952772390273	0.24992492194752186085	0.0021940218233147015629
0.22658647760629568868	0.32431556081235851652	0.0093386682662123781523	0.00094453288035122756096
0.19962117137004925516	0.25162154658939800411	0.088455402449873821169	0.0028277136370007654315
0.22021404364853802704	0.14884273201684231069	0.1689867361026628767	0.0037243357266829001107
0.16663217032941046725	0.04155341260971245898	0.31905338553870510321	0.0021945386796281404415
0.23302536002873458498	0.0059646682957449903562	0.30764389547969384076	0.00090879408893002619832
0.13575995047368039081	0.38078177109416710966	0.0083282611845021583402	0.001011969495446308695
0.15178756686295724609	0.23649095733086356041	0.1561726770288024424	0.0035768944266483960331
0.15312933193813432764	0.15548335630486861958	0.24910847670081845417	0.0033802803825797303125
0.17574559312551701895	0.092680919734950240052	0.26755262869064755371	0.0024448648357737324914
0.1455647436194676958	0.036186599511034978072	0.4191545250897925623	0.0019879848903618696672
0.087971953507526678973	0.42336433294977865449	0.034815713466822557909	0.0019038020527985268469
0.16793884832142924601	0.35247495981386933739	0.042606701262445256795	0.0025088556126264855047
0.11031643068419388909	0.35712764556535447902	0.090380013766298977762	0.00300865184109151175
0.094755252455752947416	0.20370637978662708978	0.23115837396900412726	0.002764608036718638976
0.080780086293499198113	0.13661642862118605901	0.30862009728502415307	0.0024382128905558234609
0.10042376198107882956	0.077609830775262844682	0.35485484156290958424	0.0023952625995064501241
0.096573990069760196064	0.0071868824565586852948	0.45244962097815094593	0.0008144111965253212097
0.04842052228432497385	0.48254158813658065696	0.0077014727940334934755	0.00068570849806492322268
0.043465974385180183859	0.40570500097306516629	0.083268843437887762882	0.0020140201270605071274
0.034104424097868846211	0.33140280723574205846	0.15538086072214346567	0.0021813047579453733599
0.086931213443450727762	0.30583694016922730041	0.17254894884528715338	0.0035425166993481270461
0.03771910773763442748	0.16576339035791931575	0.36174660731269259184	0.0023121633572865457271
0.035824232359287666583	0.094180383669365042021	0.42574322706617401257	0.0014289340280197334286
0.069443124786809418136	0.033617506529851570729	0.42508629159683253285	0.0015243040641157556535
0.010463739495169765981	0.5254257467401113324	0.0061814021472699860402	0.00027603574865526749526
0.034430687462670528376	0.47937764582439451599	0.036295034323268797471	0.0010071447149435004166
0.0079095858252201667327	0.45964183671823533039	0.094319370505106664426	0.00080833238795405975858
0.044734630504149608399	0.23894586019315167125	0.26145467931953525476	0.0025058825288194796002
0.0075168728037989795965	0.11112907664640858663	0.47731066802003463412	0.0010077795534147269019
0.029353598563557292689	0.0061093137421338594706	0.4720872125750344428	0.00043544354590954953768
0.0071343730203555777436	0.47821076397125850121	0.037285251719246584323	0.00053984629350918133649
0.0047928497955395110708	0.39465117350005657348	0.1609916850116128173	0.00056558129888120754845
0.0068623380154132496145	0.32510835230962742415	0.21502948427194687464	0.00081871660132307102088
0.0086827923830804509819	0.23984507050232212189	0.27890986110926269115	0.001296315762792648197
0.028778435513408751056	0.035472631535107546075	0.48549864275850701523	0.001048294002668644781
0.0043211871969213166977	0.0062496162995387960493	0.51178185043229451612	0.00013610731934891087116
0.62325000052162937703	0.0069021536271673886165	0.038695376500176403844	0.00054058975705911218798
0.6061129589063279921	0.013762917159114030491	0.005684552873416987874	0.00027121991922649934127
0.58290161005530749527	0.032344703857964222926	0.037999866180439871577	0.0010106913345314179516
0.56195935865620039174	0.056594396774995066324	0.0073251460850665322047	0.0007160490745587674323
0.57737885964917534665	0.084527648954914630375	0.029994934059521451142	0.0010160202128408374767
0.41253251844839311513	0.15115942952243721642	0.081235555614616150599	0.0027882942297772013614
0.52881201512054298863	0.0085990348558449419825	0.097303959918665444695	0.0010383315789785146303
0.49002335568074290029	0.091863054622821321837	0.043197581606279095157	0.0018379829966548217636
0.51037840108138710082	0.13473217223343980642	0.0066865706578798835696	0.00094938342486690623784
0.45747775311652183472	0.095873058189734267076	0.11343320623376679235	0.0024552087017105884634
0.51061507440589948281	0.045356037708530624886	0.087159522283312099167	0.0020598125398026186778
0.45179525005625292833	0.16805551207023561311	0.033623376970151649945	0.0020244135036811810452
0.31212949013241914065	0.087802977347046951007	0.2203699491281130296	0.0028919924162996734664
0.47907594656100005448	0.032195211951754038049	0.16714395997046593845	0.0020745885805555563594
0.451085226115575888	0.0042569254462828665098	0.17408921424321929794	0.0007157714307431052754
0.45164714310333597957	0.23656871030935686107	0.0070678032398754902371	0.0011230382861153256902
0.36266828406365259063	0.25223280948761933606	0.03308150684975538075	0.0022147778465940706934
0.35324900064053282867	0.25143956346856993767	0.079431501780397581469	0.0031742936755061630649
0.35639385442248155966	0.14844797391512401519	0.1606107927618446729	0.0036550077364445919884
0.37076508648922695821	0.010876865677248326314	0.25664754068491385519	0.0011443054572576455679
0.32650668756111411728	0.31180029417365745514	0.0071561635015872562121	0.0011946880632501925834
0.34277743183713482722	0.041072599858981373444	0.2548001799250118049	0.0026010849773991737838
0.31208523082240674507	0.0049568221474725615572	0.34486347262295680149	0.00087340841175226140679
0.25429526839753607836	0.36160790324256764094	0.039013455255961962398	0.0028950065269765941876
0.25661174611228532161	0.31536411351355386756	0.094615901640145563811	0.0035283258818391244165
0.18458632456310142267	0.31737449190158661949	0.1060472828907763343	0.001961009228570980388
0.24967652807341816912	0.22509749714801316478	0.16523169656822109252	0.0044716215592103614532
0.25770425194799706503	0.14865643768446820672	0.2469121076571066109	0.0042305070167002736467
0.23989809400064260325	0.079225085668881145562	0.31156208320015532642	0.0031592295358102350997
0.25090067414058830897	0.030334736055636912777	0.36377516482548288845	0.0024778331393492366089
0.19007354131027692778	0.0063752213087753806242	0.42404219818588628765	0.0010121172518280712946
0.20972231774293786932	0.41924257037707129969	0.006261309229248748949	0.00097697722193939911736
0.15229608231586755362	0.47725449109712447804	0.028828241362047760804	0.0021402954233749331599
0.15822091459107490152	0.35509008849797707441	0.15751075993107610529	0.0041864462102973350188
0.16651269446326283363	0.25844386168542293758	0.22456589444473240569	0.0041199969719081805733
0.17681876598076767815	0.1817789352439654893	0.30508919105728132815	0.0036728285775155752359
0.18122776103852700214	0.058433622854105193856	0.45519860244401605387	0.002399457171242494382
0.1639872298015416785	0.018674714650696255802	0.51799836152254652433	0.0011702524403706378395
0.10918280354527643006	0.50040069317375890368	0.004181183077505750724	0.00068014321052849450924
0.16048807346650939554	0.43229689029837337078	0.081821324735704997755	0.003170068973780889969
0.097568563501445160213	0.16371053519997347259	0.3705917033480297107	0.0031422578037223983932
0.15818433585286834075	0.10432400590356855075	0.37357506836451459531	0.0034294000528812293264
0.08230796350360969349	0.082263131683090850998	0.45821000448964754881	0.0021699980722031065802
0.12153307149688397093	0.0034675057156202671038	0.53894541504789095221	0.00049161627566316379485
0.038187926159886753652	0.61675215737851485365	0.001218367973591007224	0.00028272383591727737011
0.07392380964041767033	0.56393157032813456819	0.021696167342801095379	0.0012948622423923970923
0.084229336948024924325	0.50182553334821244917	0.068070879780569693018	0.0025108091249056259039
0.07846148585600043468	0.42899804918688094757	0.1352952627061487223	0.0029213986404430197612
0.088029347763964538309	0.36167369366132096076	0.23100001240719003626	0.0036234490739483846827
0.096274696071057763724	0.25465802920170266255	0.29420727803886492779	0.0039550814952089468138
0.086094789699090013002	0.21278530790121846783	0.42012674988794490583	0.0028651870086687080547
0.06478978075536212522	0.13776757819110335701	0.47362217000103862263	0.0018874131921698391809
0.090924278942857261754	0.033379667411951197131	0.52986935459618045297	0.0017753893486194905274
0.036788785203593965534	0.031901781228651948652	0.60190593352935817251	0.00099198831408543004448
0.050777190837829389025	0.0067164418528011804455	0.56132341306117905511	0.00062456689335347312982
0.0040669399787258697643	0.61923922238980733113	0.010692038947566049126	0.00019038707448805139303
0.025714995390691108845	0.60084335704167524117	0.026131816075187563192	0.00089435606812432834941
0.030487284730540853417	0.53663289759486065833	0.078652957199180167924	0.0016218689130631860906
0.03100557475192633472	0.44853832416989480869	0.15500339022023032487	0.0021292790599513260023
0.035809500193600851681	0.34508943804303743308	0.24523351350814920346	0.0026628910235456117704
0.037934291855518997849	0.25860596138193725491	0.36002476626608936883	0.0028037485760874537866
0.029284060553115276448	0.16498575696217404607	0.47461137708179595984	0.0018049096972148478621
0.035970281979463725186	0.076055168844199161349	0.53824757613026497083	0.0014959585785951183545
0.0053266262229640926051	0.044131941625161985598	0.5472912173595619878	0.00054733385648056452968
0.010035992820529360259	0.0087996126485758718871	0.61026828063745186537	0.00036040406218374593239
0.0032390485474380614761	0.58232188517712957232	0.052382727467514392239	0.00039878992968886417536
0.0049969170913327642936	0.52518886268489284319	0.13349296451255115992	0.00065001345586843161176
0.0073975741943623773977	0.43186944044680353194	0.22508578075382953965	0.0010553883640682898241
0.0067291850412015685734	0.32640571291804698628	0.32045775138417020855	0.001245781933921603522
0.0068152617689155592373	0.21141317863043462832	0.3970454039130125734	0.001133315360498737389
0.71543443346832324981	0.0024835098527047159284	0.0079074533419869526968	0.00014323870863444722345
0.72446798384784460989	0.011373152903079997156	0.039378215942636483893	0.00064734030528201900317
0.69301474306895560762	0.031708037313582668193	0.0085787950307287391682	0.00061995177853683015173
0.64713808417805351869	0.0036722852968631286563	0.091157303686277960098	0.00046349688911710110618
0.64052640690146511737	0.092335348676413298019	0.0062343594716202394707	0.00074319908543153331837
0.65728356028175893844	0.051085083395365063486	0.044326046321758599822	0.0013218590645521373882
0.6236299050763873808	0.029090654168203541885	0.095811301499479029076	0.0016661294998998460448
0.56499006858370526274	0.099166520877558825275	0.080983413703422338359	0.0026547637038929327441
0.56985315061006103221	0.14910627234441642397	0.035128479958420229246	0.0020024438284265899321
0.56015885294195377764	0.06468522496244535902	0.1420884440787671954	0.0022578112933378845575
0.56405871702504883913	0.0072091929452990644034	0.16972086484603646217	0.00096941458586480766177
0.57561393214055667222	0.1829475629917699242	0.0066767096241650810209	0.00093389512858359593518
0.47639873076651806372	0.1858883022032138399	0.086401311320851395537	0.0032415078536045223781
0.474249254902656181	0.14304673685687568918	0.15441526402011385155	0.0034576794976772335863
0.43644254762740986031	0.084454077226334217654	0.19550628645889137069	0.0032437326393095085829
0.55963173767037144302	0.030265120011918028586	0.18626082954566461347	0.0010163082585207814431
0.51119801689942656608	0.29080665329136490271	0.0078897781669423124734	0.0010191776398872651535
0.47839808568090580465	0.24567974584973278906	0.037317520007706432572	0.0025535161496922790039
0.39211783956222606706	0.29796323225581466954	0.091365043686500488351	0.0032410281872398069569
0.44726581692790712275	0.033855686997870670929	0.26256457768178065315	0.0023305936396479892507
0.46143316608091416997	0.0053916070327659770811	0.26663836543885782726	0.00093330186791132927274
0.40656709316724276571	0.34425369258540039485	0.005982187388232687239	0.00085274227367987702128
0.36534313245071442511	0.34812367758115714267	0.035374889950713396536	0.0027530625846683112919
0.36297454478982443815	0.22412252044492173009	0.15264307623503922673	0.0043851975795985275591
0.35365652322085361359	0.15724590615737438215	0.24252705961425230496	0.0041041721361891533859
0.36062956030347670389	0.088335069133070487357	0.29064583721679299044	0.0035970161650376230797
0.34201035619607145222	0.037488423870277842731	0.36353834181887278998	0.0025894518224493577423
0.37598906457912339985	0.0085221587948111077182	0.37708259509199915094	0.0011059536036906562895
0.29428006966809161504	0.42960841143985983859	0.0069764973240075073627	0.0011115759935604017667
0.25007109279552253156	0.46605199113243789277	0.032421619922376486433	0.0020838423732797623812
0.26385069177378939198	0.31635144544609272721	0.16249022195354587139	0.0044571965314966531871
0.25822745038289968145	0.23930884536870503099	0.24705048393360987125	0.0047112846475510410452
0.25469043045111461332	0.15625903670542523605	0.34258000710239616682	0.0038474639254228899798
0.26242503212326900863	0.090488989771392802641	0.37779302782341561695	0.0032616087677082299286
0.25027381535498804954	0.037369737224556776045	0.47353864739380852056	0.0021839601453957674555
0.25654821672760586004	0.0069960155770309451206	0.47082627552737582599	0.0011529422492380170598
0.18077337157688821989	0.54371796735104283016	0.0057944049603300346388	0.00094380896090737837964
0.17796005643438306265	0.55077896615465249397	0.038840849817937540822	0.0015335147392119695582
0.21498453277512108439	0.44713079039732017694	0.082728181288247076841	0.0018921439090897507369
0.19721033822539324465	0.42569760384725241487	0.15679043920702662174	0.0042314817084605563235
0.16669301889681864548	0.1516354925451302571	0.42141032146566986816	0.0037073757103300007155
0.20480429716531611817	0.092246077489796463045	0.4978628291209146739	0.0031649486337336912856
0.17414032371570820068	0.0051644777814364717372	0.58893607267818570694	0.00065250587348434187836
0.098718384274408821355	0.63509309016914261559	0.004867035950257178091	0.00063119636771540239047
0.16030218029836140747	0.52727012924279426098	0.087448703980203587594	0.0018485508423629823382
0.17021610519507879289	0.33477621333929064029	0.25023621956017905177	0.0044704762205468526193
0.16099724510854307447	0.2489194051937623775	0.34536640021764403174	0.0046088860126577320397
0.11979348821771329536	0.093155799957722384974	0.50717384197975345916	0.0027091162531456391277
0.14810314617005460036	0.038135619357994254841	0.58729012227408095015	0.0018876454957656905141
0.043555489033621719308	0.70833774210216593481	0.01327431366589320802	0.00082592035551244137852
0.11283759116442892978	0.61299080312367315582	0.032524832069535297707	0.0016248983266151785336
0.10006884992598263917	0.57395435357239599217	0.084653394460195680038	0.0021232636410093235456
0.10869051851761724059	0.48178995989489636909	0.15367543820523113518	0.0035597343010049685083
0.10990052046584219969	0.42503326362334514776	0.24469300624308532033	0.0030462768428359777648
0.087511883267012979815	0.32409516298530638423	0.34522370896152088093	0.0039464490675065510075
0.11401098883196225664	0.19211198303009419108	0.4731690297299356307	0.0018037681281286421092
0.08491998176161363876	0.1397927028668181082	0.55424953470194182614	0.0026484351096856678653
0.081461776697266730096	0.0564528641553717625	0.61334653669667815734	0.0018239960576001369372
0.084065830171052069453	0.0095631800614697226592	0.64714723037043309084	0.00099523524469624473354
0.0088050337689125068863	0.71583048167967155972	0.0050223922191979407034	0.00019570444824753695668
0.047612673465566968112	0.64604200063773220553	0.054501897311880397046	0.0016277296740882418909
0.044764642521589292912	0.56965584360666299268	0.13110745393260500591	0.0025643514506642033079
0.044198830146210954517	0.47023355323685855911	0.22470867906660937918	0.0029790156336554334676
0.035653627881222393903	0.37465258451707800225	0.32946166417721850506	0.00271106036660587928
0.041042482988897344143	0.25908247552388125046	0.45685784302847592953	0.0023746133132165909291
0.029860373294930742105	0.17276945564260615118	0.56012871413517828501	0.001688418335230289398
0.040306315645827317518	0.09595874466564124905	0.61521866509163913861	0.0017184026238556675964
0.033477895316318617702	0.030179610209207785587	0.70393625941611548402	0.00094396565291649144058
0.030488827705311249971	0.0032257666175460331104	0.69091917900558030841	0.00029395237840939609673
0.0083158475236803086617	0.70743326090628899649	0.035208116683423579252	0.00058695201023018742526
0.0096730153423116860267	0.63327422092223550898	0.08926751968618534816	0.00088128430091728325244
0.0096269097805231629295	0.56098238932077582053	0.18062407569128577367	0.0011755293349890445602
0.0076421668911136331204	0.46378443721505341335	0.28296478334247349151	0.0010501166066628645022
0.0063767822086766567935	0.37792942728389439244	0.38722059901978173047	0.00094575908629540832856
0.0085209371079906226498	0.27573256141359508975	0.44896593896528164125	0.001263468483848463695
0.0042108514443665034932	0.17627387803530247812	0.52656952742921403487	0.00071120427504510377436
0.0079517449832304798463	0.093926057122304285052	0.60283834427505911258	0.00088020392383073692809
0.007295002388268523319	0.03901024291660526444	0.67066707819257076473	0.00052340099810585386311
0.0020092606154022973897	0.0076860802183447152203	0.72223072651253006349	0.00011239575583708042101
0.80764536622671490029	0.014832484535403769876	0.0020229690271434336638	0.00014645091292248558199
0.81362225733471071898	0.0048694596895870606579	0.017140374695017644019	0.00020085857036891195215
0.77512171783472594289	0.039126689437444642228	0.02331438896301491967	0.00081737039061118119294
0.76170625308251516117	0.0032136895514332519674	0.072898244580202456455	0.00030319654104611788985
0.7626063339994841872	0.066698685342823887945	0.0027158616769197884214	0.0003366742407421075868
0.69405097056897879781	0.09249536838571709163	0.02763010002331477144	0.0012456551526345751441
0.57200350384836573525	0.1596293894404653968	0.10593381317878002024	0.0024446570905543294795
0.73793247675329887159	0.029646119379198393462	0.07905919986078917272	0.0012796277624065510638
0.67843227149415130661	0.079638223557276871523	0.080884685385492899323	0.0020813355272130155613
0.68953508805118846059	0.14485797721699300578	0.0076539242794413748713	0.00081745436646480154879
0.62738050040788029271	0.15811077366914047526	0.055024225203246547589	0.0018901069197147625858
0.65579387062183558399	0.039972267277803452679	0.15319433164273280057	0.0015966967658108408359
0.68148289466075540055	0.0081424381027124514976	0.14425277006425957227	0.00088607827850724319666
0.61767172068666442719	0.24042677780353707839	0.0002936470551136290629	0.0002517939183828419897
0.60228057388799216554	0.22656715408731442629	0.025153604851890783156	0.0018326778178403531697
0.51737545685909669402	0.25207738853892230901	0.074409015770653730293	0.0027214099677001198432
0.59499760902428866505	0.10145357444804595226	0.15221786877171125663	0.002588108892805843133
0.50050529345886607402	0.081563914491599331935	0.23668392653933156833	0.0029195023029389022967
0.56548622701403838953	0.035289025904160442604	0.23450942612608727256	0.0014825650057150386099
0.58048977148045877161	0.0059876388993207463329	0.24396974763369630446	0.00085318545175543222727
0.46723200952658100471	0.34560539783411559078	0.034848376170960454479	0.0022236910271353545893
0.41464259591514707193	0.35876047559903084805	0.080866956295912298391	0.0021092531590825394118
0.45471002285658618236	0.23784621796604202282	0.14657123432361487958	0.0037577089551674722548
0.46288331730549209242	0.15312078732752162913	0.22334135069606739221	0.0035581283769585657362
0.48425767109537515287	0.022050445718827527131	0.32764172362640503477	0.0016563339419597145064
0.47381221217538571633	0.001663184215861590598	0.35910066454481553988	0.00043810547757582859541
0.39406964506376729318	0.43377617053595618479	0.0074630286377485050703	0.0011089564052618133914
0.34236433477306582596	0.45440216152532864058	0.038210026304494784655	0.002432069026577852143
0.33476068740117098654	0.33631578550911889192	0.15922755239220823253	0.003977691455089288515
0.3592637596862210958	0.24056795934946278992	0.23117833946002597223	0.0045517457248189152272
0.36941116552571973131	0.14354164762736421057	0.32545185507842322448	0.0042356414415831503129
0.43185216250452018727	0.069675440071662098074	0.33057150444366528719	0.0027476761126335436623
0.27445898540717184044	0.53758151448584134968	0.0066394367632629115034	0.0010093720567827325126
0.29286156987792749673	0.3917633079777821381	0.085724287012436423128	0.0034268797533034620062
0.26333130393591575036	0.43366079522197731322	0.16589311778892368299	0.0033461809353593167243
0.2618220712349517143	0.23073569240631125465	0.33015703535272483693	0.0036460901938641042917
0.32155540774511093272	0.080182460780785502763	0.42511234832216537871	0.0032982285901480327094
0.38847775975832538053	0.031396952621762397317	0.42621426687702446134	0.0019033645557584234938
0.28563614463037845237	0.030491037137600596196	0.5219672244119711868	0.0015779439105292575145
0.34372246958209240475	0.0057915643091818735932	0.47879764608476066412	0.00082932368347540677891
0.17764690374398517392	0.64316767870048352496	0.0099504807268165264972	0.0011605408672995761767
0.2422636269980530388	0.55881601524743829135	0.04068221901500077009	0.001941597457351051546
0.25734781694800290541	0.49226183480298557615	0.093795413473125144321	0.002698038458254211746
0.24579377329571183708	0.33821331001866067334	0.25339662441614224653	0.0048702939631936137746
0.19164441557128208959	0.25244480027487226081	0.4033140104842722895	0.0037422210585042105929
0.26471249181898492964	0.15276030986122662858	0.42317023338567866242	0.0035584539264552099078
0.24813162272842403944	0.077164578813885831288	0.55122429503154668495	0.002795768992987708243
0.24186874292705395906	0.0059312976123029326203	0.5906629734099707596	0.00075823401737084260288
0.10130204100136486201	0.7307194608261540214	0.006826606885252758071	0.00064595102584548923751
0.15006078338878170442	0.65458215473858627487	0.050410303128969706499	0.0018981225223882905277
0.17985753581003693924	0.57106223847097525859	0.099220315395969163608	0.0021171657927872089902
0.14289933494861573049	0.55179576488784565225	0.1503584284238842772	0.0024997816884118184005
0.16488047589203713716	0.46042433061188337007	0.22702581190524187549	0.0038136083393830867531
0.15287873032869525591	0.35873201418718064781	0.33702526439134755654	0.0043399820962915017231
0.17027701082100488161	0.17111944131444750683	0.49505540482350024467	0.0033777955866556180244
0.14089343806864851327	0.091552062922511390219	0.60244289560970865072	0.0027738977601600304027
0.1986283095757872541	0.03273566840310515591	0.60835709894299783151	0.0014951298971749718905
0.13037862935755306637	0.0076270955709155652258	0.69526362089596638327	0.00079910305585179758868
0.08084102541913440465	0.72337016955022936937	0.03661565837925982031	0.0014600845043000736535
0.083212972124115491823	0.65698486228930574882	0.10117755487758088584	0.0024566455979158508677
0.078279431982316571847	0.56450934073438152616	0.19034756694974724889	0.0029861578006358316384
0.077866557495946731038	0.4576200988554325888	0.2943024819071917153	0.0026095609466807532378
0.07989846623639196288	0.38307948397526053741	0.39092990397068233532	0.0024720472638567981757
0.10267737325789894065	0.27342433328867205011	0.45488481771902861128	0.0035290099885847657502
0.058961183753492685256	0.22042410073430551698	0.54731043957713665371	0.0019525827722105169003
0.035849948444644841317	0.15925253599606103982	0.66189390250376178848	0.0019124397375496968166
0.077336741634923877875	0.10130334894588621797	0.67294184267312751047	0.001920944470884853629
0.083580941700360900093	0.036626692451878550827	0.71057422472927478374	0.0014677089608915593229
0.05668912324599695296	0.0057392887264657854729	0.7725326603267087533	0.0005025372572359388789
0.038066136648169379697	0.78783893988786402041	0.0007584865814459522057	0.00016510986184506819285
0.027302890645622746035	0.79496984315338892202	0.030042905100091169684	0.0007975465336959607944
0.028957371537144283025	0.71750609043465685133	0.07783772659217080836	0.0012122493795952949628
0.029459000647218958058	0.65880080298033838471	0.15280487930502384408	0.0017096300393250778767
0.029266195632107083746	0.55719897232595194669	0.24588122264389569716	0.0018292613512680229101
0.032698268798668106427	0.46278183707394743296	0.34026278931370951275	0.0018505345500186521843
0.035587262487402071542	0.34727008041520651682	0.44372780250310611683	0.0022897724474035029488
0.032284626221549261871	0.27162159118400597269	0.56224105537060764526	0.001550295034712593405
0.0077665216160683891999	0.24065694840355922324	0.56655875207157879725	0.0010627291512200771461
0.03151100732196010501	0.076678283536113278629	0.71877127981386923494	0.0011514391524687400854
0.013813981564149147019	0.0088289199840999588176	0.78419150463174469579	0.000274210085599283079
0.0063794682776540101443	0.81243242581599972585	0.0091848868423125683974	0.00021460674370227380767
0.0029773870280710434955	0.78195391535934077876	0.055094590533796609921	0.00029114748551593529939
0.0044773393307462328039	0.69070397754407009128	0.11892510719145572839	0.00052073558849405842362
0.0039340999846994018085	0.6176737537157008795	0.21344966005314741642	0.00053033326883168284589
0.0047157064443088536621	0.52570105875289363517	0.30500263473203165221	0.00055265397030342751274
0.0076714114629904406328	0.44864972436585254245	0.40467578298485812338	0.00087086881439738558601
0.005827897944433391153	0.34283883859612435119	0.49924707417246422247	0.00078387878879398434524
0.0067584428793613371411	0.14294940361783048388	0.65446510389821577203	0.0008314656055944013224
0.0066438558569611450011	0.07144139817331629505	0.72821427654156789533	0.00051208926139751265345
0.003736936135765644984	0.031337289546227498072	0.79799410197132847333	0.00023229737497583978229
0.0073035458687081833418	0.0038035781215608466255	0.85925734467974324016	0.00010364718946160553529
0.90350292322420044933	0.00056227770708200397465	0.006307547321528608579	5.7770270942333087731e-05
0.84619905212814583439	0.010536136997389082548	0.041171002438273138213	0.00050643446075371236111
0.87434274257079036552	0.02751798977509577887	0.0078221759104087212888	0.00036521497664475426276
0.80414079118088654941	0.058383151125967105988	0.040623791022331837142	0.00098522518730456047978
0.79789775783843353008	0.0041754058199869742429	0.10583169260457331307	0.00034232906029356885208
0.81472195712467654349	0.0867819231842932165	0.0076256437422996120601	0.00054988959980946188442
0.73644945335628242411	0.12242822509679798793	0.03559814473056480133	0.0012697568148943721728
0.64928956939378568158	0.17357091364447657655	0.091203812885849513958	0.0021688837588840761614
0.80135102071643782295	0.033346929767442828885	0.090089653532430730154	0.001035455867707084799
0.72668445273938353512	0.097017111448659446027	0.091547308199520519012	0.0017335487230050240261
0.73825191884094520933	0.16997029752861053664	0.0068475536539711768375	0.00057005002424842792386
0.68402568116623485572	0.20404330289966177148	0.037589736336773829639	0.0014529313589492312032
0.6206237967993208926	0.12913115914315634325	0.16912126135118524251	0.0020010421971189658666
0.69855090006500575317	0.059877332655234954961	0.15434076510393240911	0.0016354947421415597184
0.73897081048399981817	0.016618541895122795893	0.15908107392914216938	0.00076885062076708873303
0.64403637285012860225	0.26706048282364452939	0.0073100571523867299839	0.00065416433115167112785
0.56738434952837701886	0.31538262511787651388	0.03244114384172452209	0.0015124530098918626941
0.56176511168356924042	0.26923167225027966332	0.081448931539833041571	0.0023674240566108036357
0.54207925794412514797	0.18745002201737068215	0.16498269389472949853	0.0024007929278327426112
0.57583841484398012867	0.082815728260704657426	0.24226299456017141853	0.0025256650226805565061
0.62670138187555890497	0.029763746918212208303	0.24793772695966004305	0.001455863446274322133
0.68294308527413472021	0.0038556752344021116841	0.21589366959051339845	0.0004633367322174118761
0.51935458452115512706	0.36279279881830533983	0.0058514430257585597905	0.00076402313870765729831
0.45922066458108479203	0.38975629998935124032	0.073783775926654276978	0.0023154494960182215278
0.52587112799518731521	0.2449432492140095341	0.15518389108579658253	0.001708619185662823203
0.4931446740393494732	0.15049426019612538452	0.26736294785158781773	0.0027316189207478077522
0.5146088446205082656	0.046291059333582851298	0.3468205126242512315	0.0020976287755726172324
0.57366187915949873322	0.0076397139668188951411	0.33007154378406877715	0.00089381402316150173303
0.42422424053392149279	0.48649062854668917444	0.0037135446936310836062	0.00044261099254838594816
0.45625987502476839097	0.43607124940170166605	0.025410474212711066377	0.0012651668362633487937
0.43882176775942965952	0.32192975928125966423	0.14170454772632382068	0.0031769178833204294102
0.43302148286011765688	0.23433865828548952615	0.24456956610283794862	0.0034346334596199491751
0.37866035774942907732	0.1672478843651114544	0.37360056410377334712	0.0028415058863809380778
0.45603438368771131994	0.10194989435413209788	0.34430595895049115329	0.0022469581204536894121
0.44639809179061301636	0.033510635002384270287	0.44220104137930166255	0.00091826584314734223218
0.45661457242741143592	0.0088407169516169781254	0.43646237406278159954	0.00086472080088931604913
0.32386303570039920441	0.5645523633685379794	0.0094535511252560391893	0.00096658862971751575814
0.37137220398500714325	0.49929976359432409749	0.039718582531156607085	0.0014816909548663161414
0.35123232898484157971	0.42114919783460297298	0.096796406969890058658	0.0020755023309505229653
0.34508078189869573205	0.43473698653459125207	0.14799808022377558547	0.0030357918821481023192
0.34901019010980693924	0.33232850301666272408	0.22462575859789321586	0.0036754808205230853069
0.3296940222031593537	0.2321251862330027671	0.32901501075249767192	0.0034705307585899142914
0.29162807288670600236	0.14238269087373922606	0.47198384529834025436	0.0026708285611750409889
0.37564057575964848734	0.083489126343231023775	0.45005651281609604375	0.0027547078267435580641
0.34735073781466818676	0.036068481284613151949	0.52797611247855980032	0.0016489874771954118535
0.37919108517086330679	0.0030561657963834587548	0.52055877107415171601	0.00033043982377542057034
0.22629968392104460317	0.67289927057250986664	0.0043798190439764085255	0.00055183393956903309049
0.25375985031652137369	0.61801134450439354495	0.034885312255850398078	0.0015430172617672092972
0.31481131103714887765	0.51818030492303224221	0.081487151010003838758	0.0020751583207130144294
0.22133192678848379042	0.52733294902833827145	0.16181715415653913359	0.002621317685087594905
0.24931414275050278739	0.42690908159050189319	0.24544250463025937825	0.0032168743780215921027
0.25191747284261867268	0.32265272015783991177	0.33167773546170037369	0.0036667244435745673797
0.24381393987609989438	0.23036270768967914702	0.4451477372965889634	0.0036995816262988426119
0.19512105362422094146	0.14845287394055528551	0.55973436519523833699	0.0027044564941648254267
0.28055038199682713618	0.092617257802917629661	0.57376248514756111874	0.0021653676255171481341
0.24208752414834922018	0.039301002782495597643	0.64084077556081220362	0.0016000435273965556756
0.30106859931883034331	0.0093298589875790982617	0.59873698482145887301	0.00078900746477643434254
0.13175456361569015673	0.77378609792704733383	0.0067244316137412760148	0.0005464532826322945425
0.1643924287454441302	0.71821088709657665561	0.030696910996807991179	0.0012267469998574760236
0.22371222083908048894	0.60783680611277113304	0.091231457484157701954	0.0023563269575913418918
0.13951629629446338221	0.59540140872908353664	0.18102532204638077662	0.0025444135836611083031
0.16779182422616756298	0.45874847809134472465	0.29006327377430346504	0.0027719067593180461359
0.16064667663921827767	0.35585990367784142707	0.40421589051360989897	0.0030868991407971705168
0.14578005789956960392	0.26147873936143384288	0.50099467059487468035	0.0031471314868462378633
0.10521585055963333932	0.17929859214517618327	0.59036884937096667514	0.0028475118565926297795
0.16072753702575992563	0.093833981041297587211	0.66254631349341397417	0.0022762632612131315779
0.1488591722308886256	0.039977405857858916427	0.69566607108843037111	0.0014678828405665809639
0.19763390743700370855	0.0073649355910798686153	0.69935724776707919315	0.00075419277063703410446
0.054902390863244443509	0.83396033744756026262	0.0091394226946369307857	0.00051845047146476083873
0.086694837849743522362	0.79424075854815834319	0.039481012456258693377	0.0011248787891558695035
0.13109765213585844457	0.68754879424231907237	0.095206529056423239155	0.0022072427762874586785
0.074080404321381299049	0.67338322703208963738	0.1640136054699455892	0.0020353836621053518659
0.094710567644324283876	0.53596461425654040589	0.26909094478164680142	0.0025740652132393033319
0.10594044423307957814	0.4687440370488883401	0.32959941001164205776	0.00097134417858872786067
0.077825097207471993777	0.32054998713858784409	0.50430405546474543765	0.0023553318534212490387
0.066992152940730465005	0.23747879219408896123	0.614210307817587009	0.0018565834361845032045
0.088606716672278929003	0.13797267373676536106	0.70114729944476006374	0.0019825783859813601862
0.085446037939229557701	0.063765258536350288843	0.75382326852507230974	0.0011114421283426499047
0.080366775424106640102	0.025407386776488127822	0.81080810793334068265	0.00072128061519344819144
0.10983397327878263727	0.0067444937458924769658	0.78916699369032639044	0.00049362256963267976857
0.012332274423222266968	0.88901242869590646478	0.0041526139939240510127	0.00014582482535068083066
0.025513387756118333094	0.86828620511704401874	0.0366076046397819585	0.0006008282565350518559
0.052727527706837307164	0.76986440843188674865	0.080908391940123752795	0.0013764001902712252705
0.029761657325672707941	0.73596171800008969299	0.14989348892050283202	0.00099582488932920053097
0.041873744508124866037	0.61533247914766042719	0.25039829697537158149	0.0017733571166739692422
0.039907474092266359555	0.50834085051563127067	0.36170667772472525625	0.001940759583208922362
0.031655235066351927742	0.39807837444311844344	0.47993559943039620919	0.0018208412314977885128
0.024187649946904810072	0.27717971333898916431	0.61786741983616266793	0.00090849372009516710623
0.033330355638430897436	0.17408580984994692642	0.72273732483321029285	0.0013162999814296957
0.03680066290975891885	0.088600348146238960823	0.78555693978212026707	0.0011650629298532019437
0.032460133793296042093	0.032173829569049794408	0.80667235785114055346	0.00081986249029681029094
0.03831788747713782417	0.0054841766610480569	0.86753583753783924948	0.00028636651983366063004
0.0028488871083889311109	0.87718139460652455597	0.027727038431121051043	0.00016432671549149009617
0.011366611292605632855	0.80393939949321202576	0.086138002401048754941	0.00065998358730331725241
0.0042359276847951932155	0.74117058805055602289	0.15074949432436479668	0.00040018278666909267187
0.0098657231668785039247	0.6689078990958137183	0.22850422237458173358	0.00076197141254617621609
0.0076654433541158972787	0.57528046238155083891	0.32559510462143853582	0.00083011054183594482417
0.0060156873561341139833	0.46786900836014588823	0.45428440828586580391	0.00067337502326522181723
0.0052864248238109201594	0.33709975184539997528	0.5736554135607714322	0.00064331363119879707204
0.0060050969387478447814	0.21225063648946018713	0.67418637706334993975	0.00076402319328304057339
0.0069586921691947578594	0.11659486181860811982	0.76442407963851199959	0.00064930584178493296922
0.0070263969499841927302	0.054070264758098507407	0.84104187261590068747	0.00036253995528533775137
0.0076082600592669580308	0.016816710913337029609	0.89916510158749385351	0.00021820472560340093164
0.95737612249210435333	0.0030226021890532367084	0.0068159003774470932821	3.9439820453837830055e-05
0.9138086016226283359	0.0089484192638414131182	0.031943057894524638785	0.00023508400317296532299
0.93485895256985851454	0.02525966193758185166	0.0058597035810972891712	0.00014542495746420653377
0.87491399773947331475	0.045546600009436097323	0.037269571435205331444	0.00064256833153191969272
0.87337534938850314159	0.0048932581061261609667	0.078082632902418264154	0.00022045967646857017683
0.87745748592213812511	0.077961858388169782974	0.0076708229657687140163	0.00033970160430363765354
0.79968027548776154934	0.11822227733720484799	0.039737798869086307652	0.0010743284256985209668
0.70516406243167217838	0.16393879340150713242	0.097735698863670131264	0.0015388949869584232603
0.86252964737636506065	0.024391774786984954382	0.08918056329546317218	0.00048113415704893443617
0.79485868358262345978	0.079777826180256833366	0.091877608848130815078	0.0010426145954302297285
0.79573429424571284763	0.1606516751797858189	0.0074649872016193750263	0.00044152027807599770852
0.72626198903517169558	0.20444210222202269245	0.040734118780639635982	0.00072940014863496593737
0.68696069365130374429	0.10546348592860754767	0.17108695125078227095	0.0016548126072094143397
0.77116274595223144317	0.041573852319757353957	0.15522833229591209703	0.00083337727393163123051
0.79554821709665146656	0.0066940938096499980059	0.16097246281176605387	0.00040981619088563875147
0.69187939940387632731	0.26733337645193538945	0.0085742809965014699786	0.00057944055784243985244
0.64311378477533487352	0.275601836494968222	0.048084234470482434265	0.00083212616374803345144
0.59532228009669352353	0.2717972412119404324	0.098044275885171727758	0.0015737316805431536028
0.60029990298612623256	0.083945375965247537309	0.27564997817144737402	0.0016975558647837312842
0.68710645732128194929	0.042059456745789591814	0.22722112596373977844	0.0010864684926730685133
0.69590214805010930377	0.0083413036030410836474	0.25639781051875576434	0.00056995191587238017931
0.56490070279803950015	0.38419966651227410726	0.0057215760278230779617	0.00056163587282428680328
0.56959933221833636274	0.35884053230413615054	0.035388870299606148273	0.0010170085539600779139
0.49189548671118055179	0.37501058491592365041	0.098239382439869876729	0.0016629153750707692007
0.59478854730372154869	0.20624752614165592357	0.16172751461964662845	0.001803050476338417113
0.55708295873867741399	0.16124221351006662317	0.24354235392284301343	0.0021097928380938760738
0.58698812783793674619	0.03287318572052083665	0.34357118916993406588	0.0012819845715180651965
0.60790193552305771263	0.0042651776087634929446	0.35293196189751241398	0.0002615109991937685863
0.45201167029507438588	0.50359764474765456033	0.009025834803395140285	0.00060565252265473387173
0.46660183956838741093	0.46291943680139369111	0.041397116067861221278	0.001165670336432414857
0.469656304357154053	0.32196883386418129191	0.16739588886021608549	0.001921753574491977647
0.46297673865556543404	0.26224855529841500923	0.240090316510930879	0.0021785896697838220276
0.44366846238149060255	0.18573225345162414079	0.3362902658354948171	0.0022470507982961501064
0.4906220286458523594	0.10029137936314874713	0.36873131463592462298	0.0021211637287347640674
0.46433323294036088491	0.045222558288906755664	0.45327309995174380752	0.0013062731787199877501
0.50419990518207935537	0.00765827404872893025	0.4483527132814457139	0.00060129864592158195624
0.33747023223117644797	0.61640970800575900501	0.0046899704583463564314	0.0004259465092533106542
0.33875936754037061505	0.58685638952070462437	0.033895324892420509999	0.0013649114035087560413
0.37496383336107896866	0.49767983748422206514	0.089560942269793497594	0.0018161166577704414109
0.38573341026038487911	0.41646769174409453695	0.17029717122139592655	0.0018320892029724733172
0.34575963020748223808	0.36037086109963062386	0.25259819114087117553	0.0021898685054306922873
0.34394845754021663442	0.27423726822152716398	0.33770660796315232766	0.0029692691078942292163
0.34164739984178871257	0.16943413608706159312	0.45181948747287747903	0.0020141686087897098245
0.38363827936174721422	0.10132191769539561355	0.48247689931751996939	0.0017179030875698123038
0.35237929206406359839	0.042930990882318775803	0.57131626973148019744	0.0012500762501051363926
0.3910677197872980404	0.008846983491053062032	0.56019268199081961868	0.00067746706961084612354
0.23932443329978059232	0.70854341047103175377	0.01095415215259103181	0.00061908597519329006554
0.22463683808565915179	0.68951065077831752426	0.047482836404809505848	0.0011878981882842100035
0.27681812751632817182	0.60252571259081755262	0.09443492535956861389	0.0015446554864242780566
0.2605475251477322729	0.53095383191481471119	0.16914313453386733976	0.0023241439750791362262
0.26564816765410736998	0.44643794322218832704	0.26185850312645420068	0.0021138784255877352165
0.23421072613491455972	0.35591905031416853911	0.37154344143629608466	0.0026217012926895550372
0.27507935229969004975	0.24673453976079101624	0.44869624107340871921	0.0017845470044327066319
0.23629152456466695487	0.16551220044289582933	0.56225326898311200896	0.0021945193843261080746
0.28472637097227870839	0.089907022643679224139	0.61563030165466092747	0.0010673715024260160573
0.25637053333845483127	0.030748148755098458906	0.68445983015945688344	0.00090482768297233556222
0.27584228241109687296	0.0052230629508539516692	0.67825008978254730518	0.00043075116618281549755
0.16482707759843373552	0.79547528820701529639	0.005973856594583650155	0.00032439694804054262445
0.14495028181789426647	0.75409087569354571468	0.062218240431414578717	0.00098071761452684117974
0.18466121282884273569	0.72997091268784075613	0.078240979536829360907	0.00068733620650582500679
0.16844021290737520857	0.66705211624205618115	0.13208951562231613375	0.0019276506354222859053
0.16319182301991941308	0.56471901822388514969	0.23185786167264119118	0.0021845614622168301432
0.16978657202347069433	0.47108577521360817109	0.32473665812095409144	0.001797785735234293681
0.13240605769395896729	0.404972991272328664	0.4318836117597637525	0.0016297553646964686464
0.17860181440077083082	0.28380571808538945788	0.50482561147459337203	0.002351808517482243191
0.15159037865983493454	0.19309023391023116822	0.60058253527140648131	0.0020351492653691658635
0.19882945238277471844	0.08369425701880639501	0.68470067547513613349	0.001409419947991622131
0.1561229092087267345	0.034581233849339532149	0.75787661348498969183	0.0010860519099536902927
0.17123006926322825727	0.006701436895873658095	0.78344340998755757077	0.00043018307926211412241
0.08190430387279534763	0.8660900098484058951	0.006454140472799489367	0.00031057771148147489577
0.1282330630812126282	0.8138402410052091307	0.028251196939449878254	0.0005483384264922372452
0.080529332966258748705	0.77474630334026750589	0.10412182542859099721	0.0012905217941016544278
0.091544752008111296426	0.6916986930681582324	0.18446409574493946582	0.0014323411213444763035
0.081396022208955920441	0.60734703025456182601	0.26773382394124406458	0.0015040023658664863557
0.093387711178368082443	0.51998697457881193351	0.35022444684278625227	0.0017084472341202456332
0.089049454250944015676	0.42688228861969235162	0.40575494658522803793	0.0022427396686295394262
0.092810952742477081934	0.3400526076096909156	0.52712349318380680163	0.001867055242568951964
0.097005300746885292362	0.24157726914392729789	0.62496291008767757003	0.0014745862943928967313
0.069500422715028431497	0.16925915822555392953	0.73733467303698740913	0.0010561299400715607952
0.096937157028440190665	0.073861362599133784101	0.7876021561556978412	0.0011944285680946012916
0.090566139592800132263	0.026166770688522356103	0.85957720348659083509	0.00055597244142630247547
0.087513333305472285062	0.0042220854897486725932	0.86621451550701189515	0.000223437354435442715
0.030504305734212922019	0.92193828932488275374	0.0073767886270510200572	0.00021590728084920006143
0.061109706174774958143	0.86938892402635203904	0.039564327765581421004	0.00063542626922108772208
0.028520146850889327439	0.84329560534759440138	0.091820269775600441009	0.0007408833635111758192
0.032618276153972391995	0.751258472463569138	0.17834450092450343517	0.00088629078821780122276
0.032920836674543374478	0.66196003830553640235	0.26932073132192857479	0.00099344261954059914083
0.031576529286479249059	0.55877929084153443728	0.36908882651470864555	0.00098579075695394359664
0.051389735503486688728	0.45728108733516203976	0.45780415116744621606	0.0013986118377811297513
0.036466372305011596211	0.3533670947321485567	0.56753404284109154609	0.0012038726482267890147
0.036602772173471964656	0.2576057988131921217	0.67448888383057870044	0.0009815905420798600161
0.0065443344732436514732	0.14939084106171907074	0.79696973769668477683	0.00047291583636986227754
0.03920124111127809563	0.10414094323373901396	0.82393611259995769291	0.00083243643322114969224
0.038775008802161337051	0.038747036278564461753	0.87185371665739819225	0.00067040118049524022141
0.032899151090932776675	0.0074039441163608055163	0.9261579114771990584	0.00018913581598183106512
0.0026942245496857086806	0.94739489330299886394	0.0084445756137393277602	5.7573577765270460358e-05
0.010075238503506112053	0.93255809690322677419	0.034749934682357597193	0.0002197952042800991896
0.0024212822625805374699	0.87852772305138815412	0.071250180206861080112	0.00017160481649281149135
0.0052028630021896393743	0.80691390378331051547	0.14697370458028288787	0.00035105359585520918252
0.0051472106148070517762	0.70906256277020274226	0.24482846549073231102	0.00040460694096632878955
0.0058597172509230466275	0.59770606306044427036	0.36019801432562559285	0.00046116993641663183313
0.011649946202389904748	0.47435671088550318553	0.48380347840800147496	0.00057617308737135876535
0.0063025350731120699521	0.37233750506100271593	0.59058912757755965828	0.00045049850854037866692
0.0061549536243153957216	0.25045143304992534272	0.70220353699190352081	0.0005006494812448134598
0.0075795991425969821975	0.073816102301002550767	0.87390597909109046793	0.00033828512204467581573
0.0072788760247036732309	0.029286127082188584403	0.93835554730925907485	0.00017374506659380053986
0.004700306350787109011	0.0013385130707779246961	0.95232483667535783312	3.3454906163699024192e-05
0.98269454531531597041	0.0073186352726722194231	0.0048032807000367881353	2.3653763878793320949e-05
0.94887634318172353609	0.0093902383476117470829	0.03298995357049749888	0.00013280779482200056512
0.94191915806196724326	0.042989648164183963397	0.0086334083296537560831	0.00010996710076191740452
0.90336626162555999642	0.046889492137416430295	0.041120668337395388514	0.00025823428990969508109
0.90312213304208199816	0.0014189163250767494739	0.087239366217474134668	6.9865962116679873649e-05
0.88063631193205493819	0.10704432426219412378	0.0054000238440443408192	0.00012113404320922808869
0.85446541507645967783	0.10420343959902410302	0.033175647613934836078	0.00035232500999379855276
0.73801252040940212851	0.14672100317620223597	0.10924569301348352468	0.0005273108216973278195
0.88503691167986520139	0.025604070992106528482	0.087168245293204049684	0.00012824966072713298417
0.82178590775699345006	0.082962918668267507383	0.088621695954973447873	0.00042700299423457932502
0.7923251425523089031	0.19110302208598145546	0.0096696807343432458759	0.00023648647388622832553
0.77032620150056785313	0.1737886979084796446	0.049410235015820043458	0.00044171648440345250052
0.70996928494921740516	0.099820591633354938121	0.18269782713408078134	0.00067323841373340468069
0.79030101996722079694	0.047781292052300805562	0.15647320201153605557	0.00036522351859446784781
0.81994045819154004473	0.0092058244007139355958	0.16394796112327050808	0.00021552065529255055171
0.70707544889677031996	0.28711916815662846814	0.00088753958557252028358	6.7474032431748148819e-05
0.68607917121428119156	0.27870430451990291232	0.029912383774914105827	0.00039962121457028906878
0.64900788600412295803	0.25105776533017265528	0.093898184421074448736	0.00077790462296443616506
0.62734553500801282233	0.18482226122356867903	0.18063082734857857647	0.00095836783561628982077
0.64616355214607701374	0.075293152678196251237	0.27084949732430174674	0.0006492937094666518822
0.71235888120568058302	0.030445798364065607133	0.24846926964781776426	0.0005084134490431658094
0.72628678703553006812	0.0044461781927836452333	0.2623750365861568512	0.00014980386175976259113
0.60200660924104698601	0.37882499542495845501	0.010117012631155695296	0.00035906424473635398849
0.57504292736307860423	0.36404607352716239488	0.053518868858429470559	0.00057105786904073686534
0.51726917737751554327	0.37203143753179696018	0.10400011742547142501	0.00070942042546810019869
0.53301249271422257436	0.28849491819877415288	0.1701002902061218014	0.0011667081293157131102
0.57088479612424025689	0.14004971664440907242	0.28150769701847899729	0.00097857286642589222207
0.60745709264439251562	0.032055529265180071619	0.3547571386237893809	0.00033713853851451120553
0.61054567034662077241	0.0074789450477861785238	0.37454948313194225129	0.00023837004126826019483
0.49878925123193035285	0.4883066289351395417	0.0054851781980192609867	0.0001931860001170371884
0.49233007956044805287	0.4689833742844793929	0.034848370015278011536	0.00034098367753831939232
0.4211359164915239317	0.3878659929941483675	0.18661552483122845203	0.00074207793507306395869
0.48700719300776518228	0.23492002253032256975	0.27198450680791480538	0.0010680469236125532048
0.45443712176692163673	0.14791568334530497131	0.3905848718034760636	0.0010660482183582442421
0.5321449189542557523	0.073907889617687461126	0.3860257771076395783	0.000842337980832732168
0.48449563140538254302	0.026623719964336045596	0.48069645077913353282	0.00057169420352818408476
0.49255229607824058125	0.0028274545729466415978	0.49775094447361967198	0.00013141778652141187524
0.38144309712274904189	0.60206426458721507	0.0091275634438825296868	0.00030290942889934970722
0.38036848398566025509	0.56725689318701177921	0.044501131329925107394	0.0005792480378523065564
0.41424306366483476527	0.47990614690628374817	0.098689552957829759783	0.00088655278991882227949
0.31421456002130132568	0.51116526288625074859	0.16652825837467347125	0.0011016944167374946237
0.37917607016714427459	0.33666668923819143	0.27524611915264063366	0.0013562279746892249438
0.36661685060519333401	0.24368493969896160012	0.38226198338834599388	0.001296954741879933256
0.33058672170988623318	0.15951367942758343244	0.5033927336905047456	0.0010020938432350196944
0.40910347303762406579	0.079823399117077697973	0.50535154652086622384	0.00071972425129617986512
0.36134513488993003083	0.033348456995466402297	0.59969590455684984587	0.00040428135581264631505
0.37285100125504089252	0.0065773626664139550613	0.61214359435883092253	0.00023990058734616554956
0.27073732843290598815	0.71451247821199337373	0.0063819363753557772218	0.00022967854829600650333
0.27527119725551996154	0.67918337695704911194	0.037685965201978172123	0.00054656666366724199636
0.30004538614656439677	0.60453092891248094709	0.092223487351726446404	0.00041804696316077963629
0.21618879072515262418	0.63799707140961015028	0.14087419539078191444	0.00051681203811613130213
0.2821527225901371283	0.45595018808690185308	0.25915521697423277159	0.00061208902374086161281
0.27292132355435738678	0.35383307350971376914	0.36565148817997400466	0.0012518631214100111454
0.24516655730650749323	0.25930010117521690161	0.49031585546189099256	0.00094649969544787090035
0.2254558760499898451	0.16622456033736476844	0.60126914450011947899	0.00077331440538485035196
0.25167004562548234148	0.040959302700182775858	0.7039484278179742871	0.00029988378595999118327
0.26378184574178453747	0.0069911993523396054329	0.72208587263842016757	0.00021169239693137386965
0.16885264867499460983	0.82657019773278062047	3.9422939797988865426e-06	5.0681029334221912135e-05
0.17996468974742574343	0.78927323007954630629	0.023967198945042941793	0.00036234519691230945718
0.11705781323080710621	0.71844506591066137347	0.15932082938677508133	0.00065531422015204497146
0.19565322332402379502	0.58407956255514414945	0.21165344544011352457	0.0010806394573589779388
0.17974855506972864383	0.49397395372273777969	0.319911261767560684	0.00096879629649070878733
0.17631431627241800353	0.38760968105840376552	0.42925044509536680604	0.00097969618833847844572
0.14278118192497912808	0.31513388743615911025	0.53677615596788086361	0.00065248060388886121308
0.15479253892237254675	0.21915673586121997563	0.61679982394906973653	0.00098235196890458353208
0.14180102289729834553	0.13611947828324977294	0.69612448324512232745	0.0013575891498257962754
0.1763658786876497464	0.10813662931413448032	0.71245160161406884125	0.0004523009089545748998
0.16466082904006906773	0.04722517455441943568	0.77756696883973674961	0.00062919101560748630537
0.16918101056546375194	0.009600059202418242954	0.81359074123354269137	0.00023813415296892223149
0.091656474304587787216	0.89188187684517650222	0.0069396281186507435129	0.00016490351690240907605
0.10028950146471704574	0.86245275077356509108	0.034076296292020746836	0.00018774926279532572378
0.10005468173640830187	0.80791979659724277862	0.082980930493045126917	0.00060615525776621249476
0.10864852395596080736	0.61748422648917111744	0.26587641091651298408	0.0010159273584877512222
0.097948153690815553674	0.50579382483701051942	0.3901266947243908767	0.00078984074837300309417
0.082946697186365714316	0.40616136289395432524	0.50366996158770138692	0.00079582171062479072424
0.079746650297065957425	0.28790284311772584847	0.62407936653127227267	0.00077639245567894779772
0.097619181714430958152	0.17798845918143113565	0.72122422510864037104	0.00042521190204767959908
0.093406953804980985545	0.089765848812224935394	0.80841891955186151453	0.00060952704574404430182
0.096356876852691453195	0.032630758163669004723	0.87033621255637294567	0.00012849448540810226973
0.094577112931784834693	0.0030225670261708748043	0.89500110987292913478	8.4463898915812223186e-05
0.038296874649135448365	0.94502389598277747318	0.0094460963283718325095	0.00011497293713796185959
0.037964735337965294093	0.90863574817740289102	0.047362401763128829379	0.0002173364419745240847
0.042073998370166121319	0.84638298207392392847	0.10599105683636750319	0.00027160677307094409404
0.050066172504053430004	0.7801714378237176728	0.1608716370794515127	0.0004451785325655697274
0.046014742881641534922	0.7041233794408363611	0.24399952361201243667	0.00049956722880387799401
0.045959311468848906834	0.59402791039833258147	0.35140865530559711738	0.00070010799629995990132
0.031159828916359821882	0.49109139604169577131	0.47210652054077223427	0.00046028663767478528038
0.033881198546969915064	0.36391882502532768573	0.59411678863157157959	0.00058379861013782986378
0.037923558719994754362	0.23811263286099892955	0.72054245099135738606	0.00030315722113264840457
0.023294040789806014224	0.17859376294609163871	0.78142565677028541504	0.00041449568412169925363
0.038740121678318306664	0.12633326202198214006	0.83260243032468106428	0.00022750469909018126123
0.039670884387659421932	0.052511909787450572473	0.89799571456140270254	0.000375469325222334868
0.039958521138524272232	0.010725084356774661209	0.94293308110100548802	0.00011851978075178995562
0.0077606663710692025404	0.97902500575046025322	0.0042923490587192889706	3.2999658850748684572e-05
0.0052736264970782986694	0.96415130214682776	0.030167035137718605647	2.7730378170392269303e-05
0.0073422356582407699577	0.89346186831921681204	0.090968566266028949574	0.00017817580327802542994
0.0094358024131905304799	0.80776683788256153917	0.17515575264305896508	0.00026416725383235887962
0.0083801055872048113571	0.70999842259312506698	0.27358368339812028092	0.00026845060937755340193
0.010001987190277006334	0.61154613042403327405	0.3724433581654152392	0.00022803159514747076055
0.0030607651361446164273	0.52679659380339427521	0.46121947176424821224	0.00013084159827909713813
0.0057658943324525591123	0.41882888630238646055	0.57143038256847955569	0.00013601636768159543634
0.0077797648901090088458	0.29317213702319910862	0.69150159968875335448	0.00026185894383917772497
0.0046968517019353450692	0.18484044144638511753	0.80321353360290492773	0.00015162918554257801386
0.0076028047901511852658	0.096730792784173735832	0.88610687190804127145	0.00020559520479713420645
0.0079216470614406064854	0.039935946494163765408	0.94993217988059353019	5.1342327005168166671e-05
0.0074370673913299878421	0.0060181021835364889583	0.97962342535414292932	3.4795664768465949966e-05
