0	0.02554055972039311
-0.05105890670797435	0.02550724351934863
0.05105890670797435	0.02550724351934863
-0.1019846065622741	0.02540738183440917
0.1019846065622741	0.02540738183440917
-0.1526442402308153	0.0252412351933987
0.1526442402308153	0.0252412351933987
-0.2029056425180585	0.02500923705408913
0.2029056425180585	0.02500923705408913
-0.2526376871690535	0.02471199267336779
0.2526376871690535	0.02471199267336779
-0.3017106289630307	0.02435027752820576
0.3017106289630307	0.02435027752820576
-0.3499964422040668	0.0239250352925478
0.3499964422040668	0.0239250352925478
-0.3973691547257566	0.02343737537540453
0.3973691547257566	0.02343737537540453
-0.4437051765385316	0.02288857002657298
0.4437051765385316	0.02288857002657298
-0.4888836222622521	0.02228005101754174
0.4888836222622521	0.02228005101754174
-0.5327866265029253	0.02161340590624805
0.5327866265029253	0.02161340590624805
-0.5752996513508306	0.02089037389544425
0.5752996513508306	0.02089037389544425
-0.6163117851979217	0.02011284129549912
0.6163117851979217	0.02011284129549912
-0.6557160320950709	0.01928283660350409
0.6557160320950709	0.01928283660350409
-0.6934095908944912	0.01840252521157741
0.6934095908944912	0.01840252521157741
-0.7292941234494651	0.01747420375826668
0.7292941234494651	0.01747420375826668
-0.7632760111723123	0.01650029413795371
0.7632760111723123	0.01650029413795371
-0.7952665992823597	0.0154833371841987
0.7952665992823597	0.0154833371841987
-0.8251824281086599	0.0144259860440917
0.8251824281086599	0.0144259860440917
-0.8529454508476635	0.01333099926207544
0.8529454508476635	0.01333099926207544
-0.8784832372148811	0.0122012335937721
0.8784832372148811	0.0122012335937721
-0.9017291624740011	0.01103963657415952
0.9017291624740011	0.01103963657415952
-0.9226225813829553	0.00984923887305059
0.9226225813829553	0.00984923887305059
-0.9411089866813611	0.008633146493806872
0.9411089866813611	0.008633146493806872
-0.9571401519129841	0.007394532942468958
0.9571401519129841	0.007394532942468958
-0.9706742588331829	0.006136631753906052
0.9706742588331829	0.006136631753906052
-0.981676011284037	0.004862730915178067
0.981676011284037	0.004862730915178067
-0.990116745232517	0.003576177495874545
0.990116745232517	0.003576177495874545
-0.9959745998151203	0.002280462003006209
0.9959745998151203	0.002280462003006209
-0.9992355976313635	0.0009807266808351414
0.9992355976313635	0.0009807266808351414
