-0.08477501304173531	0.0845711914815718
0.08477501304173531	0.0845711914815718
-0.2518862256915055	0.08213824187291636
0.2518862256915055	0.08213824187291636
-0.4117511614628426	0.07734233756313262
0.4117511614628426	0.07734233756313262
-0.5597708310739475	0.07032145733532533
0.5597708310739475	0.07032145733532533
-0.6916870430603532	0.06127760335573923
0.6916870430603532	0.06127760335573923
-0.8037049589725231	0.05047102205314358
0.8037049589725231	0.05047102205314358
-0.8926024664975557	0.03821286512744453
0.8926024664975557	0.03821286512744453
-0.9558239495713977	0.0248572744474849
0.9558239495713977	0.0248572744474849
-0.9915651684209309	0.01080800676324166
0.9915651684209309	0.01080800676324166
