0	0.046884223080105
-0.09363106585473338	0.04667821303279806
0.09363106585473338	0.04667821303279806
-0.1864392988279916	0.04606199332165842
0.1864392988279916	0.04606199332165842
-0.277609097152497	0.04504097933031929
0.277609097152497	0.04504097933031929
-0.3663392577480734	0.04362414380942217
0.3663392577480734	0.04362414380942217
-0.4518500172724507	0.04182393803351935
0.4518500172724507	0.04182393803351935
-0.5333899047863476	0.03965618239744337
0.5333899047863476	0.03965618239744337
-0.610242345836379	0.03713992742197707
0.610242345836379	0.03713992742197707
-0.6817319599697428	0.03429728640932836
0.6817319599697428	0.03429728640932836
-0.7472304964495622	0.03115324126515874
0.7472304964495622	0.03115324126515874
-0.8061623562741665	0.02773542331583178
0.8061623562741665	0.02773542331583178
-0.8580096526765041	0.02407387140935585
0.8580096526765041	0.02407387140935585
-0.9023167677434336	0.0202007706658348
0.9023167677434336	0.0202007706658348
-0.9386943726111684	0.01615017931616448
0.9386943726111684	0.01615017931616448
-0.9668229096899927	0.01195777405087474
0.9668229096899927	0.01195777405087474
-0.9864557262306425	0.007660850756467338
0.9864557262306425	0.007660850756467338
-0.9974246942464552	0.003303113923793689
0.9974246942464552	0.003303113923793689
