-0.0259597723012478	0.02595393881561032
0.0259597723012478	0.02595393881561032
-0.07780933394953657	0.02588397158745509
0.07780933394953657	0.02588397158745509
-0.129449135396945	0.02574422575049047
0.129449135396945	0.02574422575049047
-0.1807399648734254	0.02553507803492781
0.1807399648734254	0.02553507803492781
-0.2315435513760293	0.02525709226625469
0.2315435513760293	0.02525709226625469
-0.2817229374232617	0.02491101784527509
0.2817229374232617	0.02491101784527509
-0.3311428482684482	0.02449778772787842
0.3311428482684482	0.02449778772787842
-0.379670056576798	0.02401851590998559
0.379670056576798	0.02401851590998559
-0.4271737415830784	0.0234744944244561
0.4271737415830784	0.0234744944244561
-0.4735258417617071	0.02286718985805724
0.4735258417617071	0.02286718985805724
-0.5186014000585697	0.02219823939789356
0.5186014000585697	0.02219823939789356
-0.5622789007539445	0.02146944641796782
0.5622789007539445	0.02146944641796782
-0.6044405970485104	0.02068277561779238
0.6044405970485104	0.02068277561779238
-0.644972828489477	0.0198403477261904
0.644972828489477	0.0198403477261904
-0.6837663273813555	0.01894443378462172
0.6837663273813555	0.01894443378462172
-0.7207165133557304	0.01799744902554225
0.7207165133557304	0.01799744902554225
-0.7557237753065856	0.01700194636247321
0.7557237753065856	0.01700194636247321
-0.7886937399322641	0.01596060950964816
0.7886937399322641	0.01596060950964816
-0.8195375261621458	0.01487624575039447
0.8195375261621458	0.01487624575039447
-0.8481719847859296	0.0137517783749624
0.8481719847859296	0.0137517783749624
-0.8745199226468983	0.01259023881076062
0.8745199226468983	0.01259023881076062
-0.898510310810046	0.01139475847199891
0.898510310810046	0.01139475847199891
-0.9200784761776275	0.01016856036472864
0.9200784761776275	0.01016856036472864
-0.9391662761164232	0.00891495050710386
0.9391662761164232	0.00891495050710386
-0.9557222558399961	0.007637309298392399
0.9557222558399961	0.007637309298392399
-0.9697017887650528	0.00633908323840798
0.9697017887650528	0.00633908323840798
-0.9810672017525982	0.005023778591143992
0.9810672017525982	0.005023778591143992
-0.9897878952222218	0.003694965581672728
0.9897878952222218	0.003694965581672728
-0.9958405251188381	0.002356364963476784
0.9958405251188381	0.002356364963476784
-0.9992101232274361	0.001013405984436879
0.9992101232274361	0.001013405984436879
