-0.09501250983763744	0.09472530522753425
0.09501250983763744	0.09472530522753425
-0.2816035507792589	0.09130170752246179
0.2816035507792589	0.09130170752246179
-0.4580167776572274	0.08457825969750127
0.4580167776572274	0.08457825969750127
-0.6178762444026438	0.07479799440828837
0.6178762444026438	0.07479799440828837
-0.755404408355003	0.06231448562776694
0.755404408355003	0.06231448562776694
-0.8656312023878318	0.04757925584124639
0.8656312023878318	0.04757925584124639
-0.9445750230732326	0.03112676196932395
0.9445750230732326	0.03112676196932395
-0.9894009349916499	0.01357622970587705
0.9894009349916499	0.01357622970587705
