0	0.0317316407023953
-0.06342068498268678	0.03166775464824587
0.06342068498268678	0.03166775464824587
-0.126585997269672	0.03147635373259785
0.126585997269672	0.03147635373259785
-0.1892415924618136	0.03115820866002863
0.1892415924618136	0.03115820866002863
-0.2511351786125773	0.03071460048959647
0.2511351786125773	0.03071460048959647
-0.3120175321197488	0.03014731547657601
0.3120175321197488	0.03014731547657601
-0.3716435012622849	0.02945863788001363
0.3716435012622849	0.02945863788001363
-0.4297729933415765	0.02865134076509374
0.4297729933415765	0.02865134076509374
-0.486171941452492	0.0277286748374018
0.486171941452492	0.0277286748374018
-0.5406132469917261	0.02669435535412949
0.5406132469917261	0.02669435535412949
-0.5928776941089007	0.02555254716507229
0.5928776941089007	0.02555254716507229
-0.6427548324192377	0.02430784794391412
0.6427548324192377	0.02430784794391412
-0.6900438244251321	0.02296526967779793
0.6900438244251321	0.02296526967779793
-0.7345542542374027	0.0215302184906298
0.7345542542374027	0.0215302184906298
-0.7761068943454467	0.02000847288318651
0.7761068943454467	0.02000847288318651
-0.8145344273598555	0.01840616048150034
0.8145344273598555	0.01840616048150034
-0.8496821198441658	0.01672973339581109
0.8496821198441658	0.01672973339581109
-0.8814084455730089	0.01498594231029191
0.8814084455730089	0.01498594231029191
-0.9095856558280733	0.01318180946353301
0.9095856558280733	0.01318180946353301
-0.9341002947558101	0.01132460079372334
0.9341002947558101	0.01132460079372334
-0.9548536586741372	0.009421797926544729
0.9548536586741372	0.009421797926544729
-0.9717622009015554	0.007481072467812325
0.9717622009015554	0.007481072467812325
-0.984757895914213	0.00551027551579679
0.984757895914213	0.00551027551579679
-0.9937886619441678	0.003517549795043226
0.9937886619441678	0.003517549795043226
-0.9988201506066354	0.001513639494461452
0.9988201506066354	0.001513639494461452
