0	0.04424339745355214
-0.08837134327565926	0.04407026521513773
0.08837134327565926	0.04407026521513773
-0.1760510611659896	0.04355222349859177
0.1760510611659896	0.04355222349859177
-0.262352941209296	0.04269332669604956
0.262352941209296	0.04269332669604956
-0.3466015544308139	0.04150029686442829
0.3466015544308139	0.04150029686442829
-0.4281375415178142	0.03998247112116213
0.4281375415178142	0.03998247112116213
-0.5063227732414887	0.03815172857772103
0.5063227732414887	0.03815172857772103
-0.5805453447497645	0.03602239738628003
0.5805453447497645	0.03602239738628003
-0.6502243646658904	0.03361114263454345
0.6502243646658904	0.03361114263454345
-0.7148145015566287	0.03093683598304009
0.7148145015566287	0.03093683598304009
-0.7738102522869126	0.02802040810618506
0.7738102522869126	0.02802040810618506
-0.8267498990922254	0.02488468520067676
0.8267498990922254	0.02488468520067676
-0.8732191250252224	0.02155421116308511
0.8732191250252224	0.02155421116308511
-0.9128542613593176	0.01805505793173169
0.9128542613593176	0.01805505793173169
-0.9453451482078273	0.01441463005444713
0.9453451482078273	0.01441463005444713
-0.9704376160392298	0.01066148995574179
0.9704376160392298	0.01066148995574179
-0.9879357644438514	0.006825414174180746
0.9879357644438514	0.006825414174180746
-0.9977065690996003	0.002941716710221543
0.9977065690996003	0.002941716710221543
