-0.02684701236594236	0.02684055993166742
0.02684701236594236	0.02684055993166742
-0.08046363021414273	0.02676317165202913
0.08046363021414273	0.02676317165202913
-0.1338482505954668	0.02660861822328951
0.1338482505954668	0.02660861822328951
-0.1868469518357613	0.02637734526318542
0.1868469518357613	0.02637734526318542
-0.2393069249661535	0.02607001959183491
0.2393069249661535	0.02607001959183491
-0.2910769143111092	0.02568752730914286
0.2910769143111092	0.02568752730914286
-0.3420076535979953	0.02523097123997656
0.3420076535979953	0.02523097123997656
-0.3919522963307531	0.0247016677544812
0.3919522963307531	0.0247016677544812
-0.4407668391868396	0.02410114297270887
0.4407668391868396	0.02410114297270887
-0.4883105372167185	0.02343112836451317
0.4883105372167185	0.02343112836451317
-0.5344463096488475	0.0226935557574099
0.5344463096488475	0.0226935557574099
-0.579041135130225	0.02189055176682013
0.579041135130225	0.02189055176682013
-0.6219664352630792	0.02102443166479106
0.6219664352630792	0.02102443166479106
-0.6630984453321253	0.0200976927049339
0.6630984453321253	0.0200976927049339
-0.7023185711539082	0.01911300692292922
0.7023185711539082	0.01911300692292922
-0.7395137310200423	0.01807321343354364
0.7395137310200423	0.01807321343354364
-0.7745766817496528	0.016981310246708
0.7745766817496528	0.016981310246708
-0.8074063279130882	0.01584044562690467
0.8074063279130882	0.01584044562690467
-0.8379080133393734	0.01465390902208025
0.8379080133393734	0.01465390902208025
-0.8659937940748075	0.01342512159099093
0.8659937940748075	0.01342512159099093
-0.8915826920220302	0.01215762636248198
0.8915826920220302	0.01215762636248198
-0.9146009285643525	0.01085507807007312
0.9146009285643525	0.01085507807007312
-0.9349821375882593	0.009521232730946703
0.9349821375882593	0.009521232730946703
-0.9526675575188691	0.008159937117485482
0.9526675575188691	0.008159937117485482
-0.9676062025029241	0.006775118556494406
0.9676062025029241	0.006775118556494406
-0.9797550146943503	0.005370776766439387
0.9797550146943503	0.005370776766439387
-0.9890790082484426	0.003950986924999338
0.9890790082484426	0.003950986924999338
-0.9955514765972909	0.002519990806325121
0.9955514765972909	0.002519990806325121
-0.9991552004073866	0.001083861624813725
0.9991552004073866	0.001083861624813725
