-0.05923009342931321	0.05916070763963114
0.05923009342931321	0.05916070763963114
-0.1768588203568902	0.05833022174264829
0.1768588203568902	0.05833022174264829
-0.2920048394859569	0.05668090827315983
0.2920048394859569	0.05668090827315983
-0.4030517551234863	0.05423592026428829
0.4030517551234863	0.05423592026428829
-0.5084407148245057	0.05102958054721271
0.5084407148245057	0.05102958054721271
-0.6066922930176181	0.04710690017795707
0.6066922930176181	0.04710690017795707
-0.6964272604199573	0.04252294715674262
0.6964272604199573	0.04252294715674262
-0.7763859488206789	0.03734207488282987
0.7763859488206789	0.03734207488282987
-0.8454459427884981	0.03163702316478742
0.8454459427884981	0.03163702316478742
-0.9026378619843071	0.0254879126485739
0.9026378619843071	0.0254879126485739
-0.9471590666617142	0.01898119164718138
0.9471590666617142	0.01898119164718138
-0.978385445956471	0.01220892554631595
0.978385445956471	0.01220892554631595
-0.9958857011456169	0.005275686308671503
0.9958857011456169	0.005275686308671503
