0	0.05323969085915712
-0.1062782301326792	0.05293807754866047
0.1062782301326792	0.05293807754866047
-0.2113522861660011	0.05203665503886469
0.2113522861660011	0.05203665503886469
-0.3140316378676399	0.05054563687995748
0.3140316378676399	0.05054563687995748
-0.4131528881740086	0.0484819170472043
0.4131528881740086	0.0484819170472043
-0.5075929551242276	0.04586887856962938
0.5075929551242276	0.04586887856962938
-0.5962817971382278	0.04273612868308627
0.5962817971382278	0.04273612868308627
-0.6782145376026865	0.03911916356788189
0.6782145376026865	0.03911916356788189
-0.7524628517344771	0.03505896662752564
0.7524628517344771	0.03505896662752564
-0.8181854876152524	0.03060154532853957
0.8181854876152524	0.03060154532853957
-0.8746378049201028	0.02579741345124896
0.8746378049201028	0.02579741345124896
-0.9211802329530587	0.02070103125934142
0.9211802329530587	0.02070103125934142
-0.9572855957780877	0.01537024610104681
0.9572855957780877	0.01537024610104681
-0.9825455052614132	0.009866042528061354
0.9825455052614132	0.009866042528061354
-0.9966794422605966	0.004258451939373205
0.9966794422605966	0.004258451939373205
