-0.06405689286260563	0.06396909767337608
0.06405689286260563	0.06396909767337608
-0.1911188674736163	0.06291872817341415
0.1911188674736163	0.06291872817341415
-0.3150426796961634	0.0608352364639017
0.3150426796961634	0.0608352364639017
-0.4337935076260451	0.0577528340268628
0.4337935076260451	0.0577528340268628
-0.5454214713888396	0.05372213505798282
0.5454214713888396	0.05372213505798282
-0.6480936519369755	0.04880932605205694
0.6480936519369755	0.04880932605205694
-0.7401241915785544	0.04309508076597664
0.7401241915785544	0.04309508076597664
-0.8200019859739029	0.03667324070554015
0.8200019859739029	0.03667324070554015
-0.8864155270044011	0.02964929245771839
0.8864155270044011	0.02964929245771839
-0.9382745520027328	0.0221387194087099
0.9382745520027328	0.0221387194087099
-0.9747285559713095	0.01426569431446683
0.9747285559713095	0.01426569431446683
-0.9951872199970213	0.0061706148999936
0.9951872199970213	0.0061706148999936
