-0.03877241750605082	0.0387529739892124
0.03877241750605082	0.0387529739892124
-0.1160840706752552	0.03851990908212399
0.1160840706752552	0.03851990908212399
-0.1926975807013711	0.03805518095031312
0.1926975807013711	0.03805518095031312
-0.2681521850072537	0.03736158452898413
0.2681521850072537	0.03736158452898413
-0.3419940908257585	0.03644329119790203
0.3419940908257585	0.03644329119790203
-0.413779204371605	0.03530582369564339
0.413779204371605	0.03530582369564339
-0.4830758016861787	0.03395602290761695
0.4830758016861787	0.03395602290761695
-0.5494671250951282	0.03240200672830052
0.5494671250951282	0.03240200672830052
-0.6125538896679802	0.03065312124646447
0.6125538896679802	0.03065312124646447
-0.6719566846141796	0.02871988454969578
0.6719566846141796	0.02871988454969578
-0.7273182551899271	0.02661392349196841
0.7273182551899271	0.02661392349196841
-0.7783056514265194	0.02434790381753612
0.7783056514265194	0.02434790381753612
-0.8246122308333117	0.02193545409283663
0.8246122308333117	0.02193545409283663
-0.8659595032122595	0.01939108398723601
0.8659595032122595	0.01939108398723601
-0.9020988069688743	0.01673009764127392
0.9020988069688743	0.01673009764127392
-0.9328128082786765	0.0139685034900117
0.9328128082786765	0.0139685034900117
-0.9579168192137917	0.01112292459708348
0.9579168192137917	0.01112292459708348
-0.9772599499837743	0.008210529190953945
0.9772599499837743	0.008210529190953945
-0.990726238699457	0.005249142265576406
0.990726238699457	0.005249142265576406
-0.9982377097105593	0.002260638549266595
0.9982377097105593	0.002260638549266595
