-0.07652652113349734	0.07637669356536292
0.07652652113349734	0.07637669356536292
-0.2277858511416451	0.07458649323630187
0.2277858511416451	0.07458649323630187
-0.3737060887154195	0.07104805465919102
0.3737060887154195	0.07104805465919102
-0.5108670019508271	0.06584431922458832
0.5108670019508271	0.06584431922458832
-0.636053680726515	0.05909726598075921
0.636053680726515	0.05909726598075921
-0.7463319064601508	0.05096505990862022
0.7463319064601508	0.05096505990862022
-0.8391169718222188	0.04163837078835238
0.8391169718222188	0.04163837078835238
-0.9122344282513259	0.03133602416705453
0.9122344282513259	0.03133602416705453
-0.9639719272779138	0.02030071490019347
0.9639719272779138	0.02030071490019347
-0.9931285991850949	0.008807003569576059
0.9931285991850949	0.008807003569576059
