-0.05507928988403427	0.0550235065082376
0.05507928988403427	0.0550235065082376
-0.1645692821333808	0.05435559612914707
0.1645692821333808	0.05435559612914707
-0.2720616276351781	0.05302788296142321
0.2720616276351781	0.05302788296142321
-0.3762515160890787	0.05105648378903038
0.3762515160890787	0.05105648378903038
-0.4758742249551183	0.04846532899896496
0.4758742249551183	0.04846532899896496
-0.5697204718114017	0.04528587219651642
0.5697204718114017	0.04528587219651642
-0.656651094038865	0.04155670861445061
0.656651094038865	0.04155670861445061
-0.7356108780136318	0.03732310711728439
0.7356108780136318	0.03732310711728439
-0.8056413709171791	0.0326364619834998
0.8056413709171791	0.0326364619834998
-0.8658925225743951	0.02755367283785837
0.8658925225743951	0.02755367283785837
-0.9156330263921321	0.02213646737950211
0.9156330263921321	0.02213646737950211
-0.9542592806289382	0.01645071389115219
0.9542592806289382	0.01645071389115219
-0.9813031653708727	0.01056605629638563
0.9813031653708727	0.01056605629638563
-0.9964424975739544	0.004562141296547259
0.9964424975739544	0.004562141296547259
