0	0.06682728609305309
-0.1332568242984661	0.06623101970234831
0.1332568242984661	0.06623101970234831
-0.264135680970345	0.06445286109404108
0.264135680970345	0.06445286109404108
-0.3903010380302908	0.06152454215336477
0.3903010380302908	0.06152454215336477
-0.5095014778460075	0.05749832011120568
0.5095014778460075	0.05749832011120568
-0.6196098757636461	0.05244604573227071
0.6196098757636461	0.05244604573227071
-0.7186613631319502	0.04645788303001758
0.7186613631319502	0.04645788303001758
-0.8048884016188399	0.03964070588835947
0.8048884016188399	0.03964070588835947
-0.8767523582704416	0.03211621070426292
0.8767523582704416	0.03211621070426292
-0.9329710868260161	0.02401883586554233
0.9329710868260161	0.02401883586554233
-0.9725424712181152	0.01549400292848972
0.9725424712181152	0.01549400292848972
-0.9947693349975522	0.006705929743570886
0.9947693349975522	0.006705929743570886
