0	0.03976381106972143
-0.07944380460875548	0.03963811128418424
0.07944380460875548	0.03963811128418424
-0.1583853399978378	0.03926180664368559
0.1583853399978378	0.03926180664368559
-0.2363255124618358	0.03863727627234101
0.2363255124618358	0.03863727627234101
-0.3127715592481859	0.03776846866141803
0.3127715592481859	0.03776846866141803
-0.3872401639715615	0.03666087670713431
0.3872401639715615	0.03666087670713431
-0.4592605123091361	0.03532150298530438
0.4592605123091361	0.03532150298530438
-0.5283772686604374	0.03375881548311564
0.5283772686604374	0.03375881548311564
-0.594153454957278	0.03198269406934119
0.594153454957278	0.03198269406934119
-0.656173213432011	0.03000436804429808
0.656173213432011	0.03000436804429808
-0.7140444358945347	0.02783634517045815
0.7140444358945347	0.02783634517045815
-0.7674012429310635	0.0254923326460647
0.7674012429310635	0.0254923326460647
-0.8159062974301431	0.02298715055445832
0.8159062974301431	0.02298715055445832
-0.8592529379999062	0.02033663842396692
0.8592529379999062	0.02033663842396692
-0.8971671192929929	0.01755755574906567
0.8971671192929929	0.01755755574906567
-0.9294091484867383	0.01466747799195169
0.9294091484867383	0.01466747799195169
-0.9557752123246522	0.01168469241608908
0.9557752123246522	0.01168469241608908
-0.9760987093334711	0.008628114546862459
0.9760987093334711	0.008628114546862459
-0.990251536854686	0.005517394469582297
0.990251536854686	0.005517394469582297
-0.9981473830664329	0.002376472345817551
0.9981473830664329	0.002376472345817551
