-0.03528923696413536	0.03527457889467703
0.03528923696413536	0.03527457889467703
-0.1056919017086533	0.03509884273677911
0.1056919017086533	0.03509884273677911
-0.1755680147755168	0.03474824593078629
0.1755680147755168	0.03474824593078629
-0.2445694569282013	0.03422453513468333
0.2445694569282013	0.03422453513468333
-0.3123524665027858	0.03353031945314683
0.3123524665027858	0.03353031945314683
-0.3785793520147072	0.03266905743959072
0.3785793520147072	0.03266905743959072
-0.4429201745254115	0.03164503986660193
0.4429201745254115	0.03164503986660193
-0.5050543913882023	0.03046336835078099
0.5050543913882023	0.03046336835078099
-0.5646724531854708	0.02912992993879775
0.5646724531854708	0.02912992993879775
-0.6214773459035758	0.02765136778186403
0.6214773459035758	0.02765136778186403
-0.6751860706661224	0.02603504804585223
0.6751860706661224	0.02603504804585223
-0.725531053660717	0.02428902322417602
0.725531053660717	0.02428902322417602
-0.7722614792487559	0.02242199204098502
0.7722614792487559	0.02242199204098502
-0.815144539645135	0.02044325615517311
0.815144539645135	0.02044325615517311
-0.8539665950047104	0.01836267390690444
0.8539665950047104	0.01836267390690444
-0.8885342382860432	0.01619061140603491
0.8885342382860432	0.01619061140603491
-0.9186752599841758	0.01393789141064051
0.9186752599841758	0.01393789141064051
-0.9442395091181941	0.01161574095100961
0.9442395091181941	0.01161574095100961
-0.9650996504224931	0.009235740868407375
0.9650996504224931	0.009235740868407375
-0.981151833077914	0.006809793377789993
0.981151833077914	0.006809793377789993
-0.9923163921385159	0.004350240683762422
0.9923163921385159	0.004350240683762422
-0.9985402006367742	0.001872702401556389
0.9985402006367742	0.001872702401556389
