-0.04301819847370861	0.04299163783519738
0.04301819847370861	0.04299163783519738
-0.1287361038093848	0.04267334286966931
0.1287361038093848	0.04267334286966931
-0.2135008923168656	0.04203910948983097
0.2135008923168656	0.04203910948983097
-0.2966849953440283	0.04109363335216985
0.2966849953440283	0.04109363335216985
-0.3776725471196892	0.0398439144560358
0.3776725471196892	0.0398439144560358
-0.4558639444334203	0.03829920532293533
0.4558639444334203	0.03829920532293533
-0.5306802859262452	0.03647094250282653
0.5306802859262452	0.03647094250282653
-0.6015676581359806	0.03437266191786822
0.6015676581359806	0.03437266191786822
-0.668001236585521	0.03201989867750774
0.668001236585521	0.03201989867750774
-0.7294891715935565	0.02943007212266241
0.7294891715935565	0.02943007212266241
-0.7855762301322066	0.02662235698887996
0.7855762301322066	0.02662235698887996
-0.8358471669924753	0.02361754174513299
0.8358471669924753	0.02361754174513299
-0.8799298008903972	0.02043787546182245
0.8799298008903972	0.02043787546182245
-0.9174977745156591	0.01710690538515362
0.9174977745156591	0.01710690538515362
-0.9482729843995076	0.01364931074928439
0.9482729843995076	0.01364931074928439
-0.972027691049698	0.01009075764886774
0.972027691049698	0.01009075764886774
-0.9885864789022122	0.006457973642032787
0.9885864789022122	0.006457973642032787
-0.9978304624840858	0.002782859832122523
0.9978304624840858	0.002782859832122523
