0	0.08972323517810327
-0.1784841814958479	0.08828135268349632
0.1784841814958479	0.08828135268349632
-0.3512317634538763	0.08400205107822502
0.3512317634538763	0.08400205107822502
-0.5126905370864769	0.07702288053840514
0.5126905370864769	0.07702288053840514
-0.6576711592166907	0.06756818423426274
0.6576711592166907	0.06756818423426274
-0.7815140038968014	0.05594192359670198
0.7815140038968014	0.05594192359670198
-0.8802391537269859	0.04251807415858959
0.8802391537269859	0.04251807415858959
-0.9506755217687678	0.0277297646869936
0.9506755217687678	0.0277297646869936
-0.9905754753144174	0.01207415143427397
0.9905754753144174	0.01207415143427397
