-0.02779703528727544	0.0277898731532572
0.02779703528727544	0.0277898731532572
-0.08330518682243537	0.02770397625162256
0.08330518682243537	0.02770397625162256
-0.1385558468103762	0.02753244795088121
0.1385558468103762	0.02753244795088121
-0.1933782386352753	0.02727581843544471
0.1933782386352753	0.02727581843544471
-0.2476029094343372	0.02693488093285724
0.2476029094343372	0.02693488093285724
-0.3010622538672207	0.02651068926200538
0.3010622538672207	0.02651068926200538
-0.3535910321749545	0.0260045545758707
0.3535910321749545	0.0260045545758707
-0.4050268809270913	0.02541804130889924
0.4050268809270913	0.02541804130889924
-0.4552108148784596	0.02475296234152379
0.4552108148784596	0.02475296234152379
-0.5039877183843817	0.02401137339680013
0.5039877183843817	0.02401137339680013
-0.5512068248555346	0.02319556668650095
0.5512068248555346	0.02319556668650095
-0.5967221827706634	0.02230806382634614
0.5967221827706634	0.02230806382634614
-0.6403931068070069	0.02135160804233354
0.6403931068070069	0.02135160804233354
-0.6820846126944704	0.02032915569237226
0.6820846126944704	0.02032915569237226
-0.7216678344501881	0.01924386712962383
0.7216678344501881	0.01924386712962383
-0.7590204227051289	0.01809909693615759
0.7590204227051289	0.01809909693615759
-0.7940269228938664	0.01689838355780588
0.7940269228938664	0.01689838355780588
-0.8265791321428817	0.01564543837365522
0.8265791321428817	0.01564543837365522
-0.8565764337627486	0.01434413423691137
0.8565764337627486	0.01434413423691137
-0.8839261083278276	0.01299849352919598
0.8839261083278276	0.01299849352919598
-0.9085436204206555	0.01161267578128266
0.9085436204206555	0.01161267578128266
-0.9303528802474963	0.01019096494120129
0.9303528802474963	0.01019096494120129
-0.9492864795619627	0.008737756455700473
0.9492864795619627	0.008737756455700473
-0.9652859019054901	0.007257544639010736
0.9652859019054901	0.007257544639010736
-0.9783017091402564	0.005754912170191692
0.9783017091402564	0.005754912170191692
-0.9882937155401615	0.004234531581653943
0.9882937155401615	0.004234531581653943
-0.9952312260810697	0.002701261123007669
0.9952312260810697	0.002701261123007669
-0.9990943438014656	0.001161927687886608
0.9990943438014656	0.001161927687886608
