-0.1080549487073437	0.1076319267315789
0.1080549487073437	0.1076319267315789
-0.3191123689278897	0.1025992318606478
0.3191123689278897	0.1025992318606478
-0.5152486363581541	0.09276919873896891
0.5152486363581541	0.09276919873896891
-0.6872929048116855	0.07860158357909677
0.6872929048116855	0.07860158357909677
-0.827201315069765	0.06075928534395159
0.827201315069765	0.06075928534395159
-0.9284348836635735	0.0400790435798801
0.9284348836635735	0.0400790435798801
-0.9862838086968123	0.01755973016587593
0.9862838086968123	0.01755973016587593
