0	0.08052722492439185
-0.1603586456402254	0.07948442169697717
0.1603586456402254	0.07948442169697717
-0.3165640999636298	0.07638302103292983
0.3165640999636298	0.07638302103292983
-0.4645707413759609	0.0713033510868033
0.4645707413759609	0.0713033510868033
-0.600545304661681	0.06437698126966811
0.600545304661681	0.06437698126966811
-0.7209661773352294	0.05578332277366699
0.7209661773352294	0.05578332277366699
-0.8227146565371428	0.045745010811225
0.8227146565371428	0.045745010811225
-0.9031559036148179	0.03452227136882061
0.9031559036148179	0.03452227136882061
-0.96020815213483	0.0224071133828498
0.96020815213483	0.0224071133828498
-0.9924068438435844	0.009730894114863239
0.9924068438435844	0.009730894114863239
