0	0.02935939707558218
-0.05868505430025946	0.02930879311636013
0.05868505430025946	0.02930879311636013
-0.1171678090719551	0.02915715568112801
0.1171678090719551	0.02915715568112801
-0.1752466621553257	0.0289050074958566
0.1752466621553257	0.0289050074958566
-0.2327214037242726	0.0285532177681336
0.2327214037242726	0.0285532177681336
-0.2893939064516262	0.02810299919086985
0.2893939064516262	0.02810299919086985
-0.3450688084957224	0.0275559037619668
0.3450688084957224	0.0275559037619668
-0.399554186953953	0.02691381743436552
0.399554186953953	0.02691381743436552
-0.4526622194618458	0.02617895361493636
0.4526622194618458	0.02617895361493636
-0.5042098316571334	0.02535384553464636
0.5042098316571334	0.02535384553464636
-0.5540193282770679	0.02444133751634957
0.5540193282770679	0.02444133751634957
-0.6019190057137693	0.02344457517037516
0.6019190057137693	0.02344457517037516
-0.64774374391651	0.0223669945518364
0.64774374391651	0.0223669945518364
-0.6913355756013667	0.02121231031726001
0.6913355756013667	0.02121231031726001
-0.7325442308075103	0.01998450292177019
0.7325442308075103	0.01998450292177019
-0.7712276549255324	0.01868780490174146
0.7712276549255324	0.01868780490174146
-0.8072524984168955	0.01732668629176712
0.8072524984168955	0.01732668629176712
-0.8404945765458014	0.01590583922950966
0.8404945765458014	0.01590583922950966
-0.8708392975582413	0.01443016180891187
0.8708392975582413	0.01443016180891187
-0.8981820578754266	0.01290474125537876
0.8981820578754266	0.01290474125537876
-0.9224286030428122	0.0113348365285351
0.9224286030428122	0.0113348365285351
-0.9434953534644419	0.009725860553818447
0.9434953534644419	0.009725860553818447
-0.9613096946231363	0.008083362628343731
0.9613096946231363	0.008083362628343731
-0.9758102337149845	0.00641301307212019
0.9758102337149845	0.00641301307212019
-0.9869470350233716	0.004720601142470172
0.9869470350233716	0.004720601142470172
-0.9946819193080071	0.003012138113474337
0.9946819193080071	0.003012138113474337
-0.9989899477763282	0.001295841860283516
0.9989899477763282	0.001295841860283516
