0	0.04188418049656945
-0.0836704089547699	0.04173728681293139
0.0836704089547699	0.04173728681293139
-0.166753930239852	0.04129763611821863
0.166753930239852	0.04129763611821863
-0.2486677927913657	0.04056831225423251
0.2486677927913657	0.04056831225423251
-0.328837429883707	0.03955443091876469
0.328837429883707	0.03955443091876469
-0.4067005093183261	0.03826310378526462
0.4067005093183261	0.03826310378526462
-0.4817108778032055	0.03670338862424408
0.4817108778032055	0.03670338862424408
-0.5533423918615817	0.03488622577785017
0.5533423918615817	0.03488622577785017
-0.6210926084089244	0.03282436143637563
0.6210926084089244	0.03282436143637563
-0.6844863091309593	0.03053225826161299
0.6844863091309593	0.03053225826161299
-0.7430788339819653	0.02802599399913746
0.7430788339819653	0.02802599399913746
-0.7964592005099023	0.0253231488274123
0.7964592005099023	0.0253231488274123
-0.844252987340556	0.02244268233121858
0.844252987340556	0.02244268233121858
-0.8861249621554861	0.01940480125096727
0.8861249621554861	0.01940480125096727
-0.9217814374124638	0.01623081992376074
0.9217814374124638	0.01623081992376074
-0.9509723432620948	0.01294301849527947
0.9509723432620948	0.01294301849527947
-0.9734930300564858	0.009564522244541983
0.9734930300564858	0.009564522244541983
-0.9891859632143192	0.006119390050153778
0.9891859632143192	0.006119390050153778
-0.9979445824779136	0.002636528639748969
0.9979445824779136	0.002636528639748969
