0	0.06158802686335772
-0.1228646926107104	0.06112122149515502
0.1228646926107104	0.06112122149515502
-0.2438668837209884	0.05972788176789239
0.2438668837209884	0.05972788176789239
-0.3611723058093879	0.05742912957285582
0.3611723058093879	0.05742912957285582
-0.473002731445715	0.05425981223713183
0.473002731445715	0.05425981223713183
-0.5776629302412229	0.05026797453352532
0.5776629302412229	0.05026797453352532
-0.6735663684734684	0.04551413099148183
0.6735663684734684	0.04551413099148183
-0.7592592630373576	0.04007035016750051
0.7592592630373576	0.04007035016750051
-0.833442628760834	0.03401916690617846
0.833442628760834	0.03401916690617846
-0.8949919978782753	0.0274523479879176
0.8949919978782753	0.0274523479879176
-0.9429745712289743	0.02046957835065316
0.9429745712289743	0.02046957835065316
-0.9766639214595175	0.01317749330751607
0.9766639214595175	0.01317749330751607
-0.9955569697904981	0.005696899250513144
0.9955569697904981	0.005696899250513144
