-0.02435029266342443	0.02434547850456986
0.02435029266342443	0.02434547850456986
-0.07299312178779904	0.02428773372075171
0.07299312178779904	0.02428773372075171
-0.1214628192961206	0.02417238111740148
0.1214628192961206	0.02417238111740148
-0.1696444204239928	0.02399969429822916
0.1696444204239928	0.02399969429822916
-0.2174236437400071	0.02377008285741515
0.2174236437400071	0.02377008285741515
-0.2646871622087674	0.02348409140810501
0.2646871622087674	0.02348409140810501
-0.311322871990211	0.02314239829065721
0.311322871990211	0.02314239829065721
-0.3572201583376681	0.02274581396370907
0.3572201583376681	0.02274581396370907
-0.4022701579639916	0.02229527908187828
0.4022701579639916	0.02229527908187828
-0.4463660172534641	0.02179186226466173
0.4463660172534641	0.02179186226466173
-0.489403145707053	0.0212367575618268
0.489403145707053	0.0212367575618268
-0.5312794640198946	0.02063128162131176
0.5312794640198946	0.02063128162131176
-0.571895646202634	0.01997687056636017
0.571895646202634	0.01997687056636017
-0.6111553551723933	0.01927507658930781
0.6111553551723933	0.01927507658930781
-0.6489654712546573	0.01852756427012002
0.6489654712546573	0.01852756427012002
-0.6852363130542333	0.01773610662844119
0.6852363130542333	0.01773610662844119
-0.7198818501716109	0.0169025809185708
0.7198818501716109	0.0169025809185708
-0.7528199072605319	0.01602896417742578
0.7528199072605319	0.01602896417742578
-0.7839723589433414	0.01511732853620124
0.7839723589433414	0.01511732853620124
-0.8132653151227975	0.01416983630712974
0.8132653151227975	0.01416983630712974
-0.8406292962525803	0.01318873485752733
0.8406292962525803	0.01318873485752733
-0.8659993981540928	0.01217635128435544
0.8659993981540928	0.01217635128435544
-0.8893154459951141	0.01113508690419163
0.8893154459951141	0.01113508690419163
-0.9105221370785028	0.0100674115767651
0.9105221370785028	0.0100674115767651
-0.9295691721319396	0.008975857887848672
0.9295691721319396	0.008975857887848672
-0.9464113748584028	0.007863015238012359
0.9464113748584028	0.007863015238012359
-0.9610087996520538	0.006731523948359321
0.9610087996520538	0.006731523948359321
-0.973326827789911	0.005584069730065564
0.973326827789911	0.005584069730065564
-0.983336253884626	0.004423379913181973
0.983336253884626	0.004423379913181973
-0.9910133714767443	0.003252228984489181
0.9910133714767443	0.003252228984489181
-0.9963401167719553	0.002073516630281234
0.9963401167719553	0.002073516630281234
-0.9993050417357722	0.0008916403608482165
0.9993050417357722	0.0008916403608482165
