0	0.02639900631099521
-0.05277348408831	0.02636221692956396
0.05277348408831	0.02636221692956396
-0.1053998790163442	0.02625195132391437
0.1053998790163442	0.02625195132391437
-0.157732505587858	0.0260685168241877
0.157732505587858	0.0260685168241877
-0.2096255033920365	0.02581242469544574
0.2096255033920365	0.02581242469544574
-0.2609342373428117	0.02548438871269696
0.2609342373428117	0.02548438871269696
-0.3115157008030137	0.02508532317149845
0.3115157008030137	0.02508532317149845
-0.3612289141697948	0.02461634033968099
0.3612289141697948	0.02461634033968099
-0.409935317810419	0.02407874735730322
0.409935317810419	0.02407874735730322
-0.4574991582532667	0.02347404259348101
0.4574991582532667	0.02347404259348101
-0.503787866557718	0.02280391147025488
0.503787866557718	0.02280391147025488
-0.5486724278083964	0.02207022176514869
0.5486724278083964	0.02207022176514869
-0.5920277407040302	0.02127501840553382
0.5920277407040302	0.02127501840553382
-0.6337329662388501	0.02042051776934336
0.6337329662388501	0.02042051776934336
-0.6736718645049372	0.01950910150808001
0.6736718645049372	0.01950910150808001
-0.7117331186771977	0.01854330990943546
0.7117331186771977	0.01854330990943546
-0.7478106452786403	0.01752583481820005
0.7478106452786403	0.01752583481820005
-0.7818038898623609	0.01645951213552264
0.7818038898623609	0.01645951213552264
-0.8136181072882116	0.01534731391805584
0.8136181072882116	0.01534731391805584
-0.8431646258168722	0.0141923401002674
0.8431646258168722	0.0141923401002674
-0.8703610942928822	0.01299780986564925
0.8703610942928822	0.01299780986564925
-0.8951317117434721	0.01176705269685668
0.8951317117434721	0.01176705269685668
-0.9174074387881552	0.01050349914421859
0.9174074387881552	0.01050349914421859
-0.9371261903534539	0.009210671376805014
0.9371261903534539	0.009210671376805014
-0.9542330093769511	0.007892173656540734
0.9542330093769511	0.007892173656540734
-0.9686802216817816	0.006551683153172595
0.9686802216817816	0.006551683153172595
-0.9804275739567156	0.005192942750497931
0.9804275739567156	0.005192942750497931
-0.989442365133731	0.003819764726743788
0.989442365133731	0.003819764726743788
-0.995699640383246	0.002436119584132642
0.995699640383246	0.002436119584132642
-0.9991833539092947	0.001047746142270612
0.9991833539092947	0.001047746142270612
