0	0.03610787584689949
-0.07215299087458624	0.03601375098571099
0.07215299087458624	0.03601375098571099
-0.1439298095107133	0.03573186712625707
0.1439298095107133	0.03573186712625707
-0.2149562448605182	0.03526369388254252
0.2149562448605182	0.03526369388254252
-0.2848619980329136	0.03461167209682834
0.2848619980329136	0.03461167209682834
-0.3532826128643038	0.03377920111468258
0.3532826128643038	0.03377920111468258
-0.4198613760292693	0.0327706210631614
0.4198613760292693	0.0327706210631614
-0.4842511767857347	0.03159119022469806
0.4842511767857347	0.03159119022469806
-0.5461163166600848	0.03024705762499565
0.5461163166600848	0.03024705762499565
-0.605134259639601	0.02874523097845526
0.605134259639601	0.02874523097845526
-0.6609973137514982	0.02709354015944089
0.6609973137514982	0.02709354015944089
-0.7134142352689571	0.02530059639219508
0.7134142352689571	0.02530059639219508
-0.7621117471949551	0.02337574737717329
0.7621117471949551	0.02337574737717329
-0.8068359641369386	0.02132902859899104
0.8068359641369386	0.02132902859899104
-0.8473537162093151	0.01917111109706633
0.8473537162093151	0.01917111109706633
-0.8834537652186168	0.01691324604343014
0.8834537652186168	0.01691324604343014
-0.9149479072061387	0.01456720663074925
0.9149479072061387	0.01456720663074925
-0.9416719568476378	0.01214522830691941
0.9416719568476378	0.01214522830691941
-0.96348661301408	0.00965995071184195
0.96348661301408	0.00965995071184195
-0.9802782209802553	0.007124378215788243
0.9802782209802553	0.007124378215788243
-0.9919595575932442	0.004551998318700702
0.9919595575932442	0.004551998318700702
-0.9984723322425078	0.001959745126922064
0.9984723322425078	0.001959745126922064
