-0.03694894316535178	0.03693211711608644
0.03694894316535178	0.03693211711608644
-0.1106450272085199	0.03673040672673376
0.1106450272085199	0.03673040672673376
-0.1837368065648546	0.03632808762190205
0.1837368065648546	0.03632808762190205
-0.2558250793428791	0.03572735713258549
0.2558250793428791	0.03572735713258549
-0.3265161244654115	0.03493149624629708
0.3265161244654115	0.03493149624629708
-0.395423852042975	0.03394485168826097
0.395423852042975	0.03394485168826097
-0.4621719120704219	0.03277281218245449
0.4621719120704219	0.03277281218245449
-0.5263957499311923	0.03142177902250129
0.5263957499311923	0.03142177902250129
-0.5877445974851093	0.02989913111379333
0.5877445974851093	0.02989913111379333
-0.6458833888692478	0.02821318467900919
0.6458833888692478	0.02821318467900919
-0.7004945905561712	0.02637314784958704
0.7004945905561712	0.02637314784958704
-0.7512799356894805	0.02438907039640162
0.7512799356894805	0.02438907039640162
-0.7979620532554874	0.02227178888598294
0.7979620532554874	0.02227178888598294
-0.8402859832618169	0.02003286759034613
0.8402859832618169	0.02003286759034613
-0.8780205698121727	0.01768453554879605
0.8780205698121727	0.01768453554879605
-0.9109597249041275	0.01523962034980173
0.9109597249041275	0.01523962034980173
-0.9389235573549882	0.01271147976305652
0.9389235573549882	0.01271147976305652
-0.9617593653382045	0.01011393478452632
0.9617593653382045	0.01011393478452632
-0.9793425080637482	0.007461221848678747
0.9793425080637482	0.007461221848678747
-0.9915772883408609	0.004768110150874251
0.9915772883408609	0.004768110150874251
-0.9983996189900625	0.002052999302324542
0.9983996189900625	0.002052999302324542
