0	0.02731716437829201
-0.05460715100164682	0.02727640180238094
0.05460715100164682	0.02727640180238094
-0.1090513328087878	0.02715423572624932
0.1090513328087878	0.02715423572624932
-0.1631700625912643	0.02695103074164929
0.1631700625912643	0.02695103074164929
-0.216801828796124	0.02666739329240958
0.216801828796124	0.02666739329240958
-0.2697865731618387	0.02630416986458872
0.2697865731618387	0.02630416986458872
-0.3219661683953786	0.02586244446025891
0.3219661683953786	0.02586244446025891
-0.3731848900865944	0.02534353536246371
0.3731848900865944	0.02534353536246371
-0.4232898814515639	0.02474899120100984
0.4232898814515639	0.02474899120100984
-0.4721316095179757	0.02408058633084387
0.4721316095179757	0.02408058633084387
-0.5195643113911876	0.02334031553682075
0.5195643113911876	0.02334031553682075
-0.5654464292692367	0.02253038808069058
0.5654464292692367	0.02253038808069058
-0.6096410329087154	0.0216532211081076
0.6096410329087154	0.0216532211081076
-0.6520162282809769	0.02071143243540055
0.6520162282809769	0.02071143243540055
-0.6924455511995178	0.01970783273774006
0.6924455511995178	0.01970783273774006
-0.7308083447445233	0.01864541716220866
0.7308083447445233	0.01864541716220866
-0.7669901193594502	0.01752735639115631
0.7669901193594502	0.01752735639115631
-0.8008828945472183	0.01635698718318579
0.8008828945472183	0.01635698718318579
-0.8323855211504391	0.015137802421347
0.8323855211504391	0.015137802421347
-0.8614039832620469	0.0138734407010901
0.8614039832620469	0.0138734407010901
-0.8878516788822214	0.01256767549545906
0.8878516788822214	0.01256767549545906
-0.9116496785213912	0.01122440394538822
0.9116496785213912	0.01122440394538822
-0.9327269610671017	0.00984763534974426
0.9327269610671017	0.00984763534974426
-0.9510206264478768	0.008441479511720775
0.9510206264478768	0.008441479511720775
-0.9664760851718867	0.007010135395376778
0.9664760851718867	0.007010135395376778
-0.9790472267094688	0.005557881866167995
0.9790472267094688	0.005557881866167995
-0.988696577650222	0.004089080033910617
0.988696577650222	0.004089080033910617
-0.9953955236784303	0.00260826673735939
0.9953955236784303	0.00260826673735939
-0.9991255656252629	0.001121876936125331
0.9991255656252629	0.001121876936125331
