0	0.03784776782364919
-0.075623258989163	0.03773937354635791
0.075623258989163	0.03773937354635791
-0.1508133548639922	0.03741481158811077
0.1508133548639922	0.03741481158811077
-0.2251396056334228	0.03687594101361173
0.2251396056334228	0.03687594101361173
-0.2981762773418249	0.03612584843051154
0.2981762773418249	0.03612584843051154
-0.3695050226404815	0.03516883031040875
0.3695050226404815	0.03516883031040875
-0.4387172770514071	0.03401036838043838
0.4387172770514071	0.03401036838043838
-0.5054165991994061	0.03265709822676371
0.5054165991994061	0.03265709822676371
-0.5692209416102159	0.03111677129048316
0.5692209416102159	0.03111677129048316
-0.6297648390721963	0.02939821047493597
0.6297648390721963	0.02939821047493597
-0.6867015020349513	0.02751125962128937
0.6867015020349513	0.02751125962128937
-0.7397048030699261	0.02546672714730875
0.7397048030699261	0.02546672714730875
-0.7884711450474093	0.02327632418450717
0.7884711450474093	0.02327632418450717
-0.8327212004013613	0.02095259759795485
0.8327212004013613	0.02095259759795485
-0.8722015116924414	0.01850885835175399
0.8722015116924414	0.01850885835175399
-0.9066859447581012	0.01595910586584964
0.9066859447581012	0.01595910586584964
-0.9359769874978539	0.01331794960355522
0.9359769874978539	0.01331794960355522
-0.9599068917303463	0.01060053168438978
0.9599068917303463	0.01060053168438978
-0.9783386735610834	0.007822469203909294
0.9783386735610834	0.007822469203909294
-0.9911671096990163	0.004999969386952973
0.9911671096990163	0.004999969386952973
-0.9983215885747715	0.002153070179082444
0.9983215885747715	0.002153070179082444
