0	0.03452091241461601
-0.06898698016314417	0.03443865848883066
0.06898698016314417	0.03443865848883066
-0.137645205983253	0.03419228868933484
0.137645205983253	0.03419228868933484
-0.2056474897832637	0.03378297708180377
0.2056474897832637	0.03378297708180377
-0.2726697697523776	0.03321267422492127
0.2726697697523776	0.03321267422492127
-0.3383926542506022	0.03248409787536172
0.3383926542506022	0.03248409787536172
-0.4025029438585419	0.03160072003690997
0.4025029438585419	0.03160072003690997
-0.4646951239196351	0.03056675041553326
0.4646951239196351	0.03056675041553326
-0.5246728204629161	0.02938711635942087
0.5246728204629161	0.02938711635942087
-0.5821502125693532	0.02806743937989324
0.5821502125693532	0.02806743937989324
-0.6368533944532233	0.02661400836563448
0.6368533944532233	0.02661400836563448
-0.6885216807712006	0.02503374961897601
0.6885216807712006	0.02503374961897601
-0.7369088489454904	0.02333419385918668
0.7369088489454904	0.02333419385918668
-0.7817843125939062	0.02152344035458249
0.7817843125939062	0.02152344035458249
-0.8229342205020863	0.01961011836465123
0.8229342205020863	0.01961011836465123
-0.8601624759606642	0.01760334610080451
0.8601624759606642	0.01760334610080451
-0.8932916717532418	0.01551268746725773
0.8932916717532418	0.01551268746725773
-0.9221639367190004	0.01334810698378883
0.9221639367190004	0.01334810698378883
-0.9466416909956291	0.01111992377528937
0.9466416909956291	0.01111992377528937
-0.9666083103968947	0.008838767628968795
0.9666083103968947	0.008838767628968795
-0.9819687150345405	0.006515552495791392
0.9819687150345405	0.006515552495791392
-0.9926499984472037	0.00416159464810912
0.9926499984472037	0.00416159464810912
-0.9986036451819367	0.001791331577641779
0.9986036451819367	0.001791331577641779
