0	0.07304056682484521
-0.1455618541608951	0.07226220199498502
0.1455618541608951	0.07226220199498502
-0.2880213168024011	0.06994369739553657
0.2880213168024011	0.06994369739553657
-0.4243421202074388	0.06613446931666873
0.4243421202074388	0.06613446931666873
-0.5516188358872198	0.06091570802686427
0.5516188358872198	0.06091570802686427
-0.6671388041974123	0.05439864958357419
0.6671388041974123	0.05439864958357419
-0.7684399634756779	0.04672221172801693
0.7684399634756779	0.04672221172801693
-0.8533633645833173	0.03805005681418965
0.8533633645833173	0.03805005681418965
-0.9200993341504008	0.0285672127134286
0.9200993341504008	0.0285672127134286
-0.9672268385663063	0.01847689488542625
0.9672268385663063	0.01847689488542625
-0.9937521706203895	0.008008614128887167
0.9937521706203895	0.008008614128887167
