0	0.02473618331196551
-0.04945218711615963	0.02470591651995909
0.04945218711615963	0.02470591651995909
-0.09878335644694528	0.02461519021187378
0.09878335644694528	0.02461519021187378
-0.147872786357872	0.02446422641025599
0.147872786357872	0.02446422641025599
-0.1966003467915067	0.02425339454894192
0.1966003467915067	0.02425339454894192
-0.2448467932459534	0.02398321056899757
0.2448467932459534	0.02398321056899757
-0.2924940585862514	0.02365433565613446
0.2924940585862514	0.02365433565613446
-0.3394255419745844	0.02326757462269185
0.3394255419745844	0.02326757462269185
-0.3855263942122479	0.02282387393814631
0.3855263942122479	0.02282387393814631
-0.4306837987951116	0.0223243194129707
0.4306837987951116	0.0223243194129707
-0.4747872479948044	0.0217701335415138
0.4747872479948044	0.0217701335415138
-0.5177288132900333	0.02116267251040791
0.5177288132900333	0.02116267251040791
-0.559403409486285	0.0205034228798332
0.559403409486285	0.0205034228798332
-0.5997090518776252	0.01979399794577205
0.5997090518776252	0.01979399794577205
-0.6385471058213654	0.01903613379217478
0.6385471058213654	0.01903613379217478
-0.6758225281149861	0.01823168504272864
0.6758225281149861	0.01823168504272864
-0.7114440995848458	0.01738262032267794
0.7114440995848458	0.01738262032267794
-0.7453246483178474	0.01649101744188967
0.7453246483178474	0.01649101744188967
-0.7773812629903724	0.01555905831110991
0.7773812629903724	0.01555905831110991
-0.8075354957734567	0.01458902360414026
0.8075354957734567	0.01458902360414026
-0.8357135543195029	0.01358328717954897
0.8357135543195029	0.01358328717954897
-0.8618464823641238	0.01254431027667249
0.8618464823641238	0.01254431027667249
-0.8858703285078534	0.01147463550244497
0.8858703285078534	0.01147463550244497
-0.9077263027785316	0.01037688062901954
0.9077263027785316	0.01037688062901954
-0.9273609206218432	0.009253732230080636
0.9273609206218432	0.009253732230080636
-0.9447261340410098	0.00810793920516917
0.9447261340410098	0.00810793920516917
-0.9597794497589419	0.006942306308057805
0.9597794497589419	0.006942306308057805
-0.9724840346975701	0.005759688038440021
0.9724840346975701	0.005759688038440021
-0.9828088105937273	0.004562984338163328
0.9828088105937273	0.004562984338163328
-0.9907285468921895	0.003355145882980068
0.9907285468921895	0.003355145882980068
-0.9962240127779701	0.002139254173431881
0.9962240127779701	0.002139254173431881
-0.9992829840291237	0.0009199372977885421
0.9992829840291237	0.0009199372977885421
