-0.04830766568773832	0.0482700442573639
0.04830766568773832	0.0482700442573639
-0.1444719615827965	0.04781936003963743
0.1444719615827965	0.04781936003963743
-0.2392873622521371	0.04692219954040228
0.2392873622521371	0.04692219954040228
-0.3318686022821277	0.04558693934788195
0.3318686022821277	0.04558693934788195
-0.4213512761306353	0.04382604650220191
0.4213512761306353	0.04382604650220191
-0.5068999089322294	0.04165596211347337
0.5068999089322294	0.04165596211347337
-0.5877157572407623	0.03909694789353516
0.5877157572407623	0.03909694789353516
-0.6630442669302152	0.03617289705442425
0.6630442669302152	0.03617289705442425
-0.7321821187402897	0.03291111138818092
0.7321821187402897	0.03291111138818092
-0.7944837959679424	0.02934204673926777
0.7944837959679424	0.02934204673926777
-0.84936761373257	0.02549902963118809
0.84936761373257	0.02549902963118809
-0.8963211557660521	0.02141794901111334
0.8963211557660521	0.02141794901111334
-0.9349060759377397	0.01713693145651072
0.9349060759377397	0.01713693145651072
-0.9647622555875064	0.01269603265463103
0.9647622555875064	0.01269603265463103
-0.9856115115452684	0.008137197365452835
0.9856115115452684	0.008137197365452835
-0.9972638618494816	0.003509305004735048
0.9972638618494816	0.003509305004735048
