0	0.1012891209627806
-0.2011940939974345	0.09921574266355579
0.2011940939974345	0.09921574266355579
-0.3941513470775634	0.09308050000778111
0.3941513470775634	0.09308050000778111
-0.5709721726085388	0.08313460290849696
0.5709721726085388	0.08313460290849696
-0.7244177313601701	0.06978533896307716
0.7244177313601701	0.06978533896307716
-0.8482065834104272	0.05357961023358597
0.8482065834104272	0.05357961023358597
-0.937273392400706	0.03518302374405406
0.937273392400706	0.03518302374405406
-0.9879925180204854	0.01537662099805863
0.9879925180204854	0.01537662099805863
