-0.03109833832718888	0.03108830832767363
0.03109833832718888	0.03108830832767363
-0.09317470156008614	0.03096803371034162
0.09317470156008614	0.03096803371034162
-0.1548905899981459	0.03072794979515833
0.1548905899981459	0.03072794979515833
-0.2160072368760418	0.03036898542088511
0.2160072368760418	0.03036898542088511
-0.276288193779532	0.02989252935213273
0.276288193779532	0.02989252935213273
-0.3355002454194373	0.02930042490661122
0.3355002454194373	0.02930042490661122
-0.3934143118975651	0.02859496282386419
0.3934143118975651	0.02859496282386419
-0.4498063349740388	0.02777887240310626
0.4498063349740388	0.02777887240310626
-0.5044581449074642	0.02685531094449812
0.5044581449074642	0.02685531094449812
-0.5571583045146501	0.02582785153479057
0.5571583045146501	0.02582785153479057
-0.6077029271849502	0.02470046922473316
0.6077029271849502	0.02470046922473316
-0.6558964656854394	0.02347752565197422
0.6558964656854394	0.02347752565197422
-0.7015524687068222	0.02216375216940164
0.7015524687068222	0.02216375216940164
-0.7444943022260685	0.02076423154507385
0.7444943022260685	0.02076423154507385
-0.7845558329003993	0.01928437830629384
0.7845558329003993	0.01928437830629384
-0.821582070859336	0.01772991780757308
0.821582070859336	0.01772991780757308
-0.8554297694299461	0.01610686411178901
0.8554297694299461	0.01610686411178901
-0.8859679795236131	0.0144214967902676
0.8859679795236131	0.0144214967902676
-0.9130785566557919	0.0126803367850062
0.9130785566557919	0.0126803367850062
-0.936656618944878	0.0108901215850624
0.936656618944878	0.0108901215850624
-0.9566109552428079	0.009057780356744696
0.9566109552428079	0.009057780356744696
-0.972864385106692	0.007190411380742787
0.972864385106692	0.007190411380742787
-0.9853540840480058	0.005295274191825484
0.9853540840480058	0.005295274191825484
-0.9940319694320907	0.003379899597872701
0.9940319694320907	0.003379899597872701
-0.998866404420071	0.001454311276577571
0.998866404420071	0.001454311276577571
