-0.03238017096286936	0.03236884840634196
0.03238017096286936	0.03236884840634196
-0.0970046992094627	0.03223308221797504
0.0970046992094627	0.03223308221797504
-0.1612223560688917	0.03196211929232409
0.1612223560688917	0.03196211929232409
-0.2247637903946891	0.03155709614312701
0.2247637903946891	0.03155709614312701
-0.2873624873554556	0.03101971157994633
0.2873624873554556	0.03101971157994633
-0.3487558862921608	0.03035221958294694
0.3487558862921608	0.03035221958294694
-0.4086864819907167	0.02955741984919782
0.4086864819907167	0.02955741984919782
-0.4669029047509584	0.02863864605020161
0.4669029047509584	0.02863864605020161
-0.523160974722233	0.02759975184999208
0.523160974722233	0.02759975184999208
-0.5772247260839727	0.02644509474259683
0.5772247260839727	0.02644509474259683
-0.6288673967765136	0.02517951777692724
0.6288673967765136	0.02517951777692724
-0.6778723796326639	0.02380832924624524
0.6778723796326639	0.02380832924624524
-0.7240341309238146	0.02233728042834714
0.7240341309238146	0.02233728042834714
-0.7671590325157404	0.02077254147173237
0.7671590325157404	0.02077254147173237
-0.8070662040294426	0.01912067553291535
0.8070662040294426	0.01912067553291535
-0.8435882616243935	0.01738861128238522
0.8435882616243935	0.01738861128238522
-0.8765720202742479	0.01558361391639904
0.8765720202742479	0.01558361391639904
-0.9058791367155696	0.01371325485417847
0.9058791367155696	0.01371325485417847
-0.9313866907065543	0.01178538041966219
0.9313866907065543	0.01178538041966219
-0.9529877031604309	0.009808080228677764
0.9529877031604309	0.009808080228677764
-0.9705915925462473	0.007789657861471924
0.9705915925462473	0.007789657861471924
-0.9841245837228269	0.00573861728961727
0.9841245837228269	0.00573861728961727
-0.9935301722663508	0.003663776950638131
0.9935301722663508	0.003663776950638131
-0.9987710072524261	0.001576673026152919
0.9987710072524261	0.001576673026152919
