0	0.04986027239671323
-0.09955531215234152	0.04961250561333615
0.09955531215234152	0.04961250561333615
-0.1981211993355706	0.04887166769316436
0.1981211993355706	0.04887166769316436
-0.2947180699817016	0.04764512145615975
0.2947180699817016	0.04764512145615975
-0.3883859016082329	0.04594505694682074
0.3883859016082329	0.04594505694682074
-0.4781937820449025	0.04378837030423894
0.4781937820449025	0.04378837030423894
-0.5632491614071493	0.04119649588079463
0.5632491614071493	0.04119649588079463
-0.6427067229242603	0.03819519329938831
0.6427067229242603	0.03819519329938831
-0.7157767845868532	0.03481429161770518
0.7157767845868532	0.03481429161770518
-0.7817331484166249	0.03108739328051421
0.7817331484166249	0.03108739328051421
-0.8399203201462674	0.02705154121245843
0.8399203201462674	0.02705154121245843
-0.8897600299482711	0.02274685376360055
0.8897600299482711	0.02274685376360055
-0.9307569978966481	0.01821613695619273
0.9307569978966481	0.01821613695619273
-0.9625039250929497	0.01350450959248971
0.9625039250929497	0.01350450959248971
-0.9846859096651525	0.008659310395155292
0.9846859096651525	0.008659310395155292
-0.997087481819477	0.003735415789624388
0.997087481819477	0.003735415789624388
