-0.04078514790457824	0.04076251464019289
0.04078514790457824	0.04076251464019289
-0.1220840253378674	0.04049124688529855
0.1220840253378674	0.04049124688529855
-0.2025704538921167	0.03995051662176391
0.2025704538921167	0.03995051662176391
-0.2817088097901653	0.03914392232910548
0.2817088097901653	0.03914392232910548
-0.358972440479435	0.0380768317742232
0.358972440479435	0.0380768317742232
-0.4338471694323765	0.03675634629237173
0.4338471694323765	0.03675634629237173
-0.5058347179279311	0.03519125353344948
0.5058347179279311	0.03519125353344948
-0.5744560210478071	0.0333919689895702
0.5744560210478071	0.0333919689895702
-0.6392544158296817	0.03137046669606653
0.6392544158296817	0.03137046669606653
-0.6997986803791844	0.0291401995734986
0.6997986803791844	0.0291401995734986
-0.7556859037539707	0.02671600995516616
0.7556859037539707	0.02671600995516616
-0.8065441676053168	0.02411403093037934
0.8065441676053168	0.02411403093037934
-0.8520350219323621	0.02135157925233722
0.8520350219323621	0.02135157925233722
-0.8918557390046322	0.01844704079701237
0.8918557390046322	0.01844704079701237
-0.9257413320485844	0.01541975027258753
0.9257413320485844	0.01541975027258753
-0.9534663309335296	0.01228986986911619
0.9534663309335296	0.01228986986911619
-0.9748463285901535	0.009078288854806618
0.9748463285901535	0.009078288854806618
-0.9897394542663855	0.005806722358234337
0.9897394542663855	0.005806722358234337
-0.9980499305356876	0.002501440374819673
0.9980499305356876	0.002501440374819673
