-0.03377219001605204	0.03375934292451823
0.03377219001605204	0.03375934292451823
-0.1011624753055842	0.03360530680033909
0.1011624753055842	0.03360530680033909
-0.1680911794671035	0.03329793738422744
0.1680911794671035	0.03329793738422744
-0.2342529222062698	0.0328386371338906
0.2342529222062698	0.0328386371338906
-0.29934582270187	0.03222950173356953
0.29934582270187	0.03222950173356953
-0.3630728770209957	0.03147331053219726
0.3630728770209957	0.03147331053219726
-0.4251433132828284	0.03057351386232524
0.4251433132828284	0.03057351386232524
-0.4852739183881646	0.02953421729777316
0.4852739183881646	0.02953421729777316
-0.5431903302618026	0.02836016292199562
0.5431903302618026	0.02836016292199562
-0.5986282897127152	0.02705670769292838
0.5986282897127152	0.02705670769292838
-0.6513348462019977	0.02562979900357151
0.6513348462019977	0.02562979900357151
-0.7010695120204057	0.0240859475508561
0.7010695120204057	0.0240859475508561
-0.7476053596156661	0.02243219763865906
0.7476053596156661	0.02243219763865906
-0.7907300570752742	0.02067609505483936
0.7907300570752742	0.02067609505483936
-0.8302468370660661	0.01882565267869303
0.8302468370660661	0.01882565267869303
-0.865975394866858	0.01688931399955345
0.865975394866858	0.01688931399955345
-0.897752711533942	0.01487591477610138
0.897752711533942	0.01487591477610138
-0.9254337988067539	0.01279464319856501
0.9254337988067539	0.01279464319856501
-0.9488923634460898	0.01065499937706825
0.9488923634460898	0.01065499937706825
-0.9680213918539919	0.008466757003918119
0.9680213918539919	0.008466757003918119
-0.9827336698041669	0.006239941885494342
0.9827336698041669	0.006239941885494342
-0.9929623489061744	0.003984949114862311
0.9929623489061744	0.003984949114862311
-0.998663042133818	0.001715150434053524
0.998663042133818	0.001715150434053524
