-0.02881674819934178	0.02880876835357351
0.02881674819934178	0.02880876835357351
-0.08635451826324822	0.02871306852705606
0.08635451826324822	0.02871306852705606
-0.1436054273162561	0.0285219867793973
0.1436054273162561	0.0285219867793973
-0.2003792936062136	0.02823615786531298
0.2003792936062136	0.02823615786531298
-0.2564875200699973	0.02785653128029499
0.2564875200699973	0.02785653128029499
-0.3117437208344682	0.02738436810652899
0.3117437208344682	0.02738436810652899
-0.3659643403721912	0.02682123682377681
0.3659643403721912	0.02682123682377681
-0.4189692632552045	0.02616900809914937
0.4189692632552045	0.02616900809914937
-0.4705824124813823	0.02542984857309407
0.4705824124813823	0.02542984857309407
-0.520632334385933	0.02460621366226444
0.520632334385933	0.02460621366226444
-0.5689527681952095	0.02370083940322249
0.5689527681952095	0.02370083940322249
-0.6153831983311274	0.02271673336413836
0.6153831983311274	0.02271673336413836
-0.6597693876319831	0.02165716465479851
0.6597693876319831	0.02165716465479851
-0.7019638897191729	0.02052565306832249
0.7019638897191729	0.02052565306832249
-0.7418265388091844	0.01932595739105126
0.7418265388091844	0.01932595739105126
-0.779224915346254	0.01806206292019178
0.779224915346254	0.01806206292019178
-0.8140347859135678	0.01673816823218632
0.8140347859135678	0.01673816823218632
-0.846140515970773	0.01535867124893534
0.846140515970773	0.01535867124893534
-0.8754354540655689	0.01392815465529794
0.8754354540655689	0.01392815465529794
-0.9018222862847016	0.01245137073360439
0.9018222862847016	0.01245137073360439
-0.9252133598666515	0.01093322571142654
0.9252133598666515	0.01093322571142654
-0.9455309751649958	0.009378763810734689
0.9455309751649958	0.009378763810734689
-0.9627076457859236	0.007793151517962065
0.9627076457859236	0.007793151517962065
-0.9766863288579032	0.006181664064423822
0.9766863288579032	0.006181664064423822
-0.9874206373973435	0.004549684727754699
0.9874206373973435	0.004549684727754699
-0.9948751170183389	0.002902805507619993
0.9948751170183389	0.002902805507619993
-0.999026666867341	0.001248740917880793
0.999026666867341	0.001248740917880793
