-0.0514718425553177	0.05142632644677942
0.0514718425553177	0.05142632644677942
-0.1538699136085835	0.05088119487420275
0.1538699136085835	0.05088119487420275
-0.2546369261678899	0.04979671029339763
0.2546369261678899	0.04979671029339763
-0.3527047255308781	0.04818436858732213
0.3527047255308781	0.04818436858732213
-0.4470337695380892	0.04606126111889306
0.4470337695380892	0.04606126111889306
-0.5366241481420199	0.04344989360054149
0.5366241481420199	0.04344989360054149
-0.6205261829892429	0.04037794761471011
0.6205261829892429	0.04037794761471011
-0.6978504947933158	0.0368779873688526
0.6978504947933158	0.0368779873688526
-0.7677774321048262	0.03298711494109025
0.7677774321048262	0.03298711494109025
-0.8295657623827684	0.02874657810880953
0.8295657623827684	0.02874657810880953
-0.8825605357920527	0.02420133641529703
0.8825605357920527	0.02420133641529703
-0.9262000474292743	0.01939959628481353
0.9262000474292743	0.01939959628481353
-0.9600218649683075	0.01439235394166168
0.9600218649683075	0.01439235394166168
-0.9836681232797472	0.009233234155545479
0.9836681232797472	0.009233234155545479
-0.9968934840746495	0.003984096248083303
0.9968934840746495	0.003984096248083303
