-0.04550982195310254	0.04547837016512993
0.04550982195310254	0.04547837016512993
-0.136152357259183	0.04510152218532037
0.136152357259183	0.04510152218532037
-0.2256666916164495	0.04435094891784693
0.2256666916164495	0.04435094891784693
-0.3133110813394632	0.04323286987351788
0.3133110813394632	0.04323286987351788
-0.3983592777586459	0.04175654984992283
0.3983592777586459	0.04175654984992283
-0.480106545190327	0.03993422216988592
0.480106545190327	0.03993422216988592
-0.5578755006697467	0.03778098733001597
0.5578755006697467	0.03778098733001597
-0.6310217270805285	0.03531468790712786
0.6310217270805285	0.03531468790712786
-0.6989391132162629	0.03255576077703821
0.6989391132162629	0.03255576077703821
-0.761064876629873	0.02952706791376225
0.761064876629873	0.02952706791376225
-0.8168842279009336	0.02625370728633905
0.8168842279009336	0.02625370728633905
-0.8659346383345645	0.02276280576167664
0.8659346383345645	0.02276280576167664
-0.9078096777183244	0.01908329689819376
0.9078096777183244	0.01908329689819376
-0.9421623974051071	0.01524569031922307
0.9421623974051071	0.01524569031922307
-0.9687082625333443	0.01128186099274748
0.9687082625333443	0.01128186099274748
-0.9872278164063095	0.007225081374297518
0.9872278164063095	0.007225081374297518
-0.997571753790842	0.003114570277954342
0.997571753790842	0.003114570277954342
