0	0.03049946242060294
-0.06096110015057873	0.03044273242242817
0.06096110015057873	0.03044273242242817
-0.1216954210188888	0.0302727534673689
0.1216954210188888	0.0302727534673689
-0.1819770269570775	0.02999015788875163
0.1819770269570775	0.02999015788875163
-0.2415816664477987	0.02959599696148077
0.2415816664477987	0.02959599696148077
-0.3002876063353319	0.02909173699129607
0.3002876063353319	0.02909173699129607
-0.3578764566884095	0.02847925386012933
0.3578764566884095	0.02847925386012933
-0.4141339832263039	0.02776082604786935
0.4141339832263039	0.02776082604786935
-0.468850904286041	0.02693912615652278
0.468850904286041	0.02693912615652278
-0.5218236693661858	0.02601721096834854
0.5218236693661858	0.02601721096834854
-0.5728552163513039	0.0249985100750287
0.5728552163513039	0.0249985100750287
-0.6217557046007233	0.02388681312031155
0.6217557046007233	0.02388681312031155
-0.66834322117537	0.02268625570382504
0.66834322117537	0.02268625570382504
-0.7124444575770367	0.02140130399894004
0.7124444575770367	0.02140130399894004
-0.7538953544853755	0.02003673814274823
0.7538953544853755	0.02003673814274823
-0.7925417120993812	0.01859763446163015
0.7925417120993812	0.01859763446163015
-0.8282397638230649	0.01708934660209417
0.8282397638230649	0.01708934660209417
-0.8608567111822923	0.01551748564508
0.8608567111822923	0.01551748564508
-0.8902712180295274	0.01388789929708124
0.8902712180295274	0.01388789929708124
-0.9163738623097802	0.01220665028689072
0.9163738623097802	0.01220665028689072
-0.9390675440029623	0.01047999420085161
0.9390675440029623	0.01047999420085161
-0.9582678486139082	0.008714357361700526
0.9582678486139082	0.008714357361700526
-0.9739033680193239	0.006916317003238911
0.9739033680193239	0.006916317003238911
-0.9859159917359029	0.005092595648910865
0.9859159917359029	0.005092595648910865
-0.9942612604367526	0.0032501688916263
0.9942612604367526	0.0032501688916263
-0.9989099908489035	0.001398403585544948
0.9989099908489035	0.001398403585544948
