-0.02512929142182061	0.02512400018762814
0.02512929142182061	0.02512400018762814
-0.07532439549623433	0.02506053478452164
0.07532439549623433	0.02506053478452164
-0.1253292236158968	0.0249337642974762
0.1253292236158968	0.0249337642974762
-0.1750174592490156	0.02474400895984965
0.1750174592490156	0.02474400895984965
-0.2242635856041655	0.02449174811025892
0.2242635856041655	0.02449174811025892
-0.2729432026967263	0.02417761898173884
0.2729432026967263	0.02417761898173884
-0.320933341594194	0.02380241509205062
0.320933341594194	0.02380241509205062
-0.3681127750465645	0.02336708423920776
0.3681127750465645	0.02336708423920776
-0.4143623237171261	0.02287272610728509
0.4143623237171261	0.02287272610728509
-0.4595651572401134	0.02232058948856221
0.4595651572401134	0.02232058948856221
-0.503607089344756	0.02171206912902371
0.503607089344756	0.02171206912902371
-0.5463768663002511	0.02104870220519255
0.5463768663002511	0.02104870220519255
-0.5877664479530873	0.02033216444120872
0.5877664479530873	0.02033216444120872
-0.6276712806468852	0.01956426587598154
0.6276712806468852	0.01956426587598154
-0.6659905613354794	0.01874694629114002
0.6659905613354794	0.01874694629114002
-0.702627492222297	0.01788227031138407
0.702627492222297	0.01788227031138407
-0.7374895252831567	0.01697242218970527
0.7374895252831567	0.01697242218970527
-0.7704885960554193	0.01601970029081234
0.7704885960554193	0.01601970029081234
-0.8015413461039764	0.01502651128699494
0.8015413461039764	0.01502651128699494
-0.8305693336040049	0.01399536408165732
0.8305693336040049	0.01399536408165732
-0.857499231512071	0.01292886347701235
0.857499231512071	0.01292886347701235
-0.8822630128318973	0.0118297036043414
0.8822630128318973	0.0118297036043414
-0.9047981225210935	0.01070066113883498
0.9047981225210935	0.01070066113883498
-0.9250476356362037	0.009544588329286599
0.9250476356362037	0.009544588329286599
-0.9429604013923285	0.008364405895088658
0.9429604013923285	0.008364405895088658
-0.9584911729739271	0.007163095911903259
0.9584911729739271	0.007163095911903259
-0.9716007233716518	0.005943695058505251
0.9716007233716518	0.005943695058505251
-0.9822559490972367	0.004709289714210194
0.9822559490972367	0.004709289714210194
-0.9904299711892903	0.00346302095091548
0.9904299711892903	0.00346302095091548
-0.9961022963162671	0.002208166728465453
0.9961022963162671	0.002208166728465453
-0.999259859308777	0.0009496028397568452
0.999259859308777	0.0009496028397568452
