0	0.03306756481182774
-0.06608692391635568	0.03299526679440524
0.06608692391635568	0.03299526679440524
-0.1318848665545149	0.03277868888327487
0.1318848665545149	0.03277868888327487
-0.1971061102791118	0.03241877811947286
0.1971061102791118	0.03241877811947286
-0.2614654592149745	0.03191710830285852
0.2614654592149745	0.03191710830285852
-0.3246814863377359	0.03127587311046083
0.3246814863377359	0.03127587311046083
-0.3864777640846672	0.03049787650436982
0.3864777640846672	0.03049787650436982
-0.4465840731048557	0.02958652047116944
0.4465840731048557	0.02958652047116944
-0.5047375838635779	0.02854579014661577
0.5047375838635779	0.02854579014661577
-0.5606840059346642	0.02738023639076511
0.5606840059346642	0.02738023639076511
-0.6141786999563736	0.02609495589002857
0.6141786999563736	0.02609495589002857
-0.6649877473903327	0.02469556887368058
0.6649877473903327	0.02469556887368058
-0.7128889734090643	0.02318819454325296
0.7128889734090643	0.02318819454325296
-0.7576729184454386	0.02157942432423977
0.7576729184454386	0.02157942432423977
-0.799143754167742	0.0198762930612655
0.799143754167742	0.0198762930612655
-0.8371201398999021	0.01808624829208747
0.8371201398999021	0.01808624829208747
-0.8714360157968963	0.01621711775759238
0.8714360157968963	0.01621711775759238
-0.9019413294385253	0.01427707535032169
0.9019413294385253	0.01427707535032169
-0.9285026930123607	0.01227460582982941
0.9285026930123607	0.01227460582982941
-0.9510039692577085	0.01021846907383421
0.9510039692577085	0.01021846907383421
-0.9693467873265645	0.008117666573216531
0.9693467873265645	0.008117666573216531
-0.9834510030716237	0.005981424232156161
0.9834510030716237	0.005981424232156161
-0.9932552109877686	0.003819308147924417
0.9932552109877686	0.003819308147924417
-0.9987187285842121	0.001643726921264007
0.9987187285842121	0.001643726921264007
