-0.02991410979733877	0.02990518287264593
0.02991410979733877	0.02990518287264593
-0.08963524464890056	0.02979813008562408
0.08963524464890056	0.02979813008562408
-0.1490355086069492	0.02958440773302148
0.1490355086069492	0.02958440773302148
-0.2079022641563661	0.02926478088590694
0.2079022641563661	0.02926478088590694
-0.2660247836050018	0.02884039372626341
0.2660247836050018	0.02884039372626341
-0.3231950034348078	0.0283127654511843
0.3231950034348078	0.0283127654511843
-0.3792082691160937	0.02768378483465133
0.3792082691160937	0.02768378483465133
-0.4338640677187617	0.02695570346637863
0.4338640677187617	0.02695570346637863
-0.4869667456980961	0.0261311276919535
0.4869667456980961	0.0261311276919535
-0.5383262092858274	0.02521300928317119
0.5383262092858274	0.02521300928317119
-0.5877586049795791	0.02420463487203745
0.5877586049795791	0.02420463487203745
-0.6350869776952459	0.0231096141863924
0.6350869776952459	0.0231096141863924
-0.6801419042271677	0.0219318671295002
0.6801419042271677	0.0219318671295002
-0.7227620997499832	0.02067560975028013
0.7227620997499832	0.02067560975028013
-0.7627949951937449	0.01934533915521199
0.7627949951937449	0.01934533915521199
-0.8000972834304684	0.01794581741754862
0.8000972834304684	0.01794581741754862
-0.8345354323267345	0.0164820545448594
0.8345354323267345	0.0164820545448594
-0.8659861628460676	0.01495929057357197
0.8659861628460676	0.01495929057357197
-0.8943368905344953	0.01338297687325201
0.8943368905344953	0.01338297687325201
-0.9194861289164246	0.01175875677699223
0.9194861289164246	0.01175875677699223
-0.9413438536413591	0.0100924457539904
0.9413438536413591	0.0100924457539904
-0.9598318269330866	0.008390011698150368
0.9598318269330866	0.008390011698150368
-0.9748838842217445	0.006657557491170481
0.9748838842217445	0.006657557491170481
-0.9864461956515499	0.004901317289731376
0.9864461956515499	0.004901317289731376
-0.9944775909292161	0.003127761981486639
0.9944775909292161	0.003127761981486639
-0.9989511111039503	0.001345658475023556
0.9989511111039503	0.001345658475023556
