0	0.0571104336894785
-0.11397258560953	0.05673817305448257
0.11397258560953	0.05673817305448257
-0.2264593654395368	0.05562624417842259
0.2264593654395368	0.05562624417842259
-0.3359939036385089	0.0537891428942666
0.3359939036385089	0.0537891428942666
-0.4411482517500269	0.0512508189088729
0.4411482517500269	0.0512508189088729
-0.5405515645794569	0.04804436368501425
0.5405515645794569	0.04804436368501425
-0.6329079719464952	0.04421157927187847
0.6329079719464952	0.04421157927187847
-0.7170134737394237	0.03980243388652888
0.7170134737394237	0.03980243388652888
-0.7917716390705082	0.0348744118831228
0.7917716390705082	0.0348744118831228
-0.8562079080182945	0.0294917684299168
0.8562079080182945	0.0294917684299168
-0.9094823206774911	0.02372470626030753
0.9094823206774911	0.02372470626030753
-0.9509005578147051	0.01764852687870986
0.9509005578147051	0.01764852687870986
-0.9799234759615012	0.01134311579809031
0.9799234759615012	0.01134311579809031
-0.9961792628889886	0.00489949802564718
0.9961792628889886	0.00489949802564718
