-0.06973927331972223	0.06962593642781599
0.06973927331972223	0.06962593642781599
-0.2078604266882213	0.06827074917300759
0.2078604266882213	0.06827074917300759
-0.3419358208920842	0.06558675239353119
0.3419358208920842	0.06558675239353119
-0.469355837986757	0.06162618840525621
0.469355837986757	0.06162618840525621
-0.5876404035069116	0.05646614804026961
0.5876404035069116	0.05646614804026961
-0.6944872631866827	0.05020707222144048
0.6944872631866827	0.05020707222144048
-0.7878168059792081	0.04297080310853386
0.7878168059792081	0.04297080310853386
-0.8658125777203002	0.03489823421226024
0.8658125777203002	0.03489823421226024
-0.926956772187174	0.02614666757634164
0.926956772187174	0.02614666757634164
-0.9700604978354287	0.01688745079240708
0.9700604978354287	0.01688745079240708
-0.9942945854823992	0.0073139976491361
0.9942945854823992	0.0073139976491361
