0	0.02830148822228021
-0.05657275381833678	0.028256159124886
0.05657275381833678	0.028256159124886
-0.1129642880593293	0.02812031703554218
0.1129642880593293	0.02812031703554218
-0.1689939636468732	0.02789439709764205
0.1689939636468732	0.02789439709764205
-0.2244823006478455	0.02757912300125434
0.2244823006478455	0.02757912300125434
-0.2792515532008065	0.02717550466495555
0.2792515532008065	0.02717550466495555
-0.3331262788900239	0.02668483500080274
0.3331262788900239	0.02668483500080274
-0.3859339007409794	0.02610868577281604
0.3859339007409794	0.02610868577281604
-0.4375052600371746	0.02544890256224699
0.4375052600371746	0.02544890256224699
-0.4876751581874741	0.02470759885577587
0.4876751581874741	0.02470759885577587
-0.5362828859083433	0.02388714927560035
0.5362828859083433	0.02388714927560035
-0.5831727380260321	0.02299018197314192
0.5831727380260321	0.02299018197314192
-0.6281945122499282	0.02201957021080329
0.6281945122499282	0.02201957021080329
-0.6712039903198264	0.02097842315885938
0.6712039903198264	0.02097842315885938
-0.7120633999866378	0.01987007593716859
0.7120633999866378	0.01987007593716859
-0.7506418563480219	0.01869807893398277
0.7506418563480219	0.01869807893398277
-0.7868157811276224	0.01746618643679494
0.7868157811276224	0.01746618643679494
-0.8204692985593209	0.01617834461309292
0.8204692985593209	0.01617834461309292
-0.8514946066171545	0.01483867888258052
0.8514946066171545	0.01483867888258052
-0.8797923224198955	0.01345148072819814
0.8797923224198955	0.01345148072819814
-0.905271800744	0.01202119400486281
0.905271800744	0.01202119400486281
-0.9278514247207917	0.01055240083400823
0.9278514247207917	0.01055240083400823
-0.9474588680412107	0.009049807260364532
0.9474588680412107	0.009049807260364532
-0.9640313285931352	0.007518229166755894
0.9640313285931352	0.007518229166755894
-0.9775157355039892	0.005962580359924306
0.9775157355039892	0.005962580359924306
-0.9878689411988892	0.004387873053529264
0.9878689411988892	0.004387873053529264
-0.9950579778474119	0.002799316133280384
0.9950579778474119	0.002799316133280384
-0.9990614195648185	0.001204161809989894
0.9990614195648185	0.001204161809989894
